ID|DateObs|TimeObs|Filename|Object|RA_hhmmss|DEC_ddmmss|RA_deg|DEC_deg|RA_pix|Dec_pix|FilterName|JD|ExpTime_sec|Zmag|FWHM|Altitude|Airmass
1|2020-09-01|12:11:06|3C345-20200901@121105-R_Astrodon_2018_calib.fits|3C345|16 42 58.80|+39 48 37.0|250.7450|39.8103|1027.1378|1025.6047|R_Astrodon_2018|2459094.0077083334|180.0|20.4745|2.4675|57.0318|1.1972
2|2020-09-01|12:14:21|3C345-20200901@121420-R_Astrodon_2018_calib.fits|3C345|16 42 58.80|+39 48 37.0|250.7450|39.8103|1027.3867|1026.4714|R_Astrodon_2018|2459094.0099652777|180.0|20.4825|2.5068|56.4400|1.2055
3|2020-09-01|12:26:16|3C371-20200901@122611-R_Astrodon_2018_calib.fits|3C371|18 06 50.70|+69 49 28.0|271.7112|69.8244|1037.5315|1085.6505|R_Astrodon_2018|2459094.0182407405|180.0|20.7446|2.3866|42.5769|1.4790
4|2020-09-01|19:21:10|3C454-3-20200901@192110-R_Astrodon_2018_calib.fits|3C454-3|22 53 57.70|+16 08 54.0|343.4904|16.1483|1031.4958|999.1239|R_Astrodon_2018|2459094.306365741|180.0|20.5953|2.6101|43.4538|1.4642
5|2020-09-01|19:24:25|3C454-3-20200901@192424-R_Astrodon_2018_calib.fits|3C454-3|22 53 57.70|+16 08 54.0|343.4904|16.1483|1032.7973|1001.3915|R_Astrodon_2018|2459094.3086226853|180.0|20.6049|2.4810|42.7065|1.4851
6|2020-09-01|20:03:41|3C66A-20200901@200336-R_Astrodon_2018_calib.fits|3C66A|02 22 39.60|+43 02 08.0|35.6650|43.0356|1077.0681|1019.5039|R_Astrodon_2018|2459094.3358912035|180.0|21.6071|2.1331|69.4560|1.0691
7|2020-09-01|20:06:56|3C66A-20200901@200656-R_Astrodon_2018_calib.fits|3C66A|02 22 39.60|+43 02 08.0|35.6650|43.0356|1077.2729|1018.5795|R_Astrodon_2018|2459094.3381481483|180.0|21.5788|1.9686|69.2409|1.0707
8|2020-09-01|11:57:34|4C38-41-20200901@115733-R_Astrodon_2018_calib.fits|4C38-41|16 35 15.50|+38 08 04.0|248.8146|38.1344|1025.4499|1018.8514|R_Astrodon_2018|2459093.998310185|180.0|20.7309|2.6377|58.6504|1.1759
9|2020-09-01|12:00:48|4C38-41-20200901@120047-R_Astrodon_2018_calib.fits|4C38-41|16 35 15.50|+38 08 04.0|248.8146|38.1344|1025.7345|1020.5885|R_Astrodon_2018|2459094.0005555553|180.0|20.7696|2.4968|58.0440|1.1839
10|2020-09-01|12:18:45|4C51-37-20200901@121840-R_Astrodon_2018_calib.fits|4C51-37|17 40 37.00|+52 11 43.0|265.1542|52.1953|1032.9278|1031.9982|R_Astrodon_2018|2459094.0130208335|180.0|21.0115|2.5999|56.8962|1.1966
11|2020-09-01|12:22:00|4C51-37-20200901@122159-R_Astrodon_2018_calib.fits|4C51-37|17 40 37.00|+52 11 43.0|265.1542|52.1953|1033.1344|1032.5640|R_Astrodon_2018|2459094.015277778|180.0|20.9507|2.7086|56.5841|1.2010
12|2020-09-01|20:27:47|4C71-07-20200901@202742-R_Astrodon_2018_calib.fits|4C71-07|08 41 24.30|+70 53 42.0|130.3512|70.8950|995.1203|1132.9777|R_Astrodon_2018|2459094.3526273146|180.0|21.2344|2.4809|25.0182|2.3443
13|2020-09-01|19:55:30|AO0235+16-20200901@195526-R_Astrodon_2018_calib.fits|AO0235+16|02 38 38.90|+16 36 59.0|39.6621|16.6164|1022.1829|1023.2035|R_Astrodon_2018|2459094.330208333|180.0|21.7122|1.9978|82.9999|1.0075
14|2020-09-01|19:58:45|AO0235+16-20200901@195844-R_Astrodon_2018_calib.fits|AO0235+16|02 38 38.90|+16 36 59.0|39.6621|16.6164|1023.0219|1021.8010|R_Astrodon_2018|2459094.332465278|180.0|21.7134|2.0506|82.8046|1.0081
15|2020-09-01|19:28:44|BL-Lacertae-20200901@192840-R_Astrodon_2018_calib.fits|BL-Lacertae|22 02 43.30|+42 16 40.0|330.6804|42.2778|1074.6099|1050.0910|R_Astrodon_2018|2459094.3116203705|180.0|21.3003|2.7598|34.5827|1.7759
16|2020-09-01|19:31:59|BL-Lacertae-20200901@193159-R_Astrodon_2018_calib.fits|BL-Lacertae|22 02 43.30|+42 16 40.0|330.6804|42.2778|1074.7293|1051.8022|R_Astrodon_2018|2459094.313877315|180.0|21.3284|2.8189|33.9801|1.8039
17|2020-09-01|19:14:22|CTA102-20200901@191417-R_Astrodon_2018_calib.fits|CTA102|22 32 36.40|+11 43 51.0|338.1517|11.7308|958.0202|980.6162|R_Astrodon_2018|2459094.3016435187|180.0|20.7664|3.3020|38.6767|1.6129
18|2020-09-01|19:17:36|CTA102-20200901@191736-R_Astrodon_2018_calib.fits|CTA102|22 32 36.40|+11 43 51.0|338.1517|11.7308|959.9201|982.8207|R_Astrodon_2018|2459094.303888889|180.0|20.8154|3.1290|37.9346|1.6401
19|2020-09-01|11:50:45|DA406-20200901@115040-R_Astrodon_2018_calib.fits|DA406|16 13 41.00|+34 12 48.0|243.4208|34.2133|1091.4934|914.0511|R_Astrodon_2018|2459093.993576389|180.0|20.7710|2.9502|56.6861|1.2029
20|2020-09-01|11:54:00|DA406-20200901@115359-R_Astrodon_2018_calib.fits|DA406|16 13 41.00|+34 12 48.0|243.4208|34.2133|1091.5542|915.5734|R_Astrodon_2018|2459093.995833333|180.0|20.7578|2.9265|56.0203|1.2125
21|2020-09-01|19:36:19|ES2344+514-20200901@193614-R_Astrodon_2018_calib.fits|ES2344+514|23 47 04.00|+51 42 18.0|356.7667|51.7050|1026.3879|966.8732|R_Astrodon_2018|2459094.316886574|180.0|21.6424|2.4583|48.6322|1.3385
22|2020-09-01|19:39:35|ES2344+514-20200901@193934-R_Astrodon_2018_calib.fits|ES2344+514|23 47 04.00|+51 42 18.0|356.7667|51.7050|1026.9870|968.3788|R_Astrodon_2018|2459094.319155093|180.0|21.6448|2.4582|48.1812|1.3480
23|2020-09-01|11:43:01|KS1510-08-20200901@114256-R_Astrodon_2018_calib.fits|KS1510-08|15 12 50.50|-09 06 00.0|228.2104|-9.1000|930.7791|1033.7265|R_Astrodon_2018|2459093.9882060187|180.0|19.9762|3.5745|31.6696|1.9229
24|2020-09-01|11:46:16|KS1510-08-20200901@114615-R_Astrodon_2018_calib.fits|KS1510-08|15 12 50.50|-09 06 00.0|228.2104|-9.1000|932.4303|1034.7168|R_Astrodon_2018|2459093.990462963|180.0|20.0546|3.3345|31.0085|1.9603
25|2020-09-01|12:04:20|Mkn501-20200901@120420-R_Astrodon_2018_calib.fits|Mkn501|16 53 52.20|+39 45 37.0|253.4675|39.7603|1024.6030|1016.2186|R_Astrodon_2018|2459094.0030092592|180.0|20.9154|2.5308|60.2030|1.1567
26|2020-09-01|12:07:34|Mkn501-20200901@120734-R_Astrodon_2018_calib.fits|Mkn501|16 53 52.20|+39 45 37.0|253.4675|39.7603|1025.1472|1017.3677|R_Astrodon_2018|2459094.0052546295|180.0|20.9157|2.4964|59.6327|1.1636
27|2020-09-01|20:12:29|PKS0735+17-20200901@201225-R_Astrodon_2018_calib.fits|PKS0735+17|07 38 07.40|+17 42 19.0|114.5308|17.7053|1023.5462|1022.8104|R_Astrodon_2018|2459094.342002315|180.0|21.1408|2.6339|25.6602|2.2629
28|2020-09-01|20:20:21|S5_0716+71-20200901@202016-R_Astrodon_2018_calib.fits|S5_0716+71|07 21 53.40|+71 20 36.0|110.4725|71.3433|981.8305|1131.1792|R_Astrodon_2018|2459094.3474652776|180.0|21.2850|2.3979|30.6824|1.9489
29|2020-09-01|20:23:36|S5_0716+71-20200901@202336-R_Astrodon_2018_calib.fits|S5_0716+71|07 21 53.40|+71 20 36.0|110.4725|71.3433|982.7949|1132.4037|R_Astrodon_2018|2459094.3497222224|180.0|21.3089|2.3312|30.9296|1.9349
30|2020-09-02|13:14:07|3C345-20200902@131407-R_Astrodon_2018_calib.fits|3C345|16 42 58.80|+39 48 37.0|250.7450|39.8103|1027.5996|1021.6052|R_Astrodon_2018|2459095.0514699076|180.0|19.3496|2.6030|44.4475|1.4382
31|2020-09-02|13:39:43|3C345-20200902@133938-R_Astrodon_2018_calib.fits|3C345|16 42 58.80|+39 48 37.0|250.7450|39.8103|1028.1782|1050.1104|R_Astrodon_2018|2459095.0692476854|180.0|20.7432|2.3000|39.5258|1.5843
32|2020-09-02|13:51:27|3C371-20200902@135123-R_Astrodon_2018_calib.fits|3C371|18 06 50.70|+69 49 28.0|271.7112|69.8244|1038.5874|1073.4878|R_Astrodon_2018|2459095.0773958336|180.0|21.2477|2.4475|38.2416|1.6200
33|2020-09-02|13:54:43|3C371-20200902@135442-R_Astrodon_2018_calib.fits|3C371|18 06 50.70|+69 49 28.0|271.7112|69.8244|1038.2758|1073.0823|R_Astrodon_2018|2459095.079664352|180.0|21.3042|2.4213|38.0317|1.6277
34|2020-09-02|14:06:56|3C454-3-20200902@140655-R_Astrodon_2018_calib.fits|3C454-3|22 53 57.70|+16 08 54.0|343.4904|16.1483|1017.6011|1026.3304|R_Astrodon_2018|2459095.0881481483|180.0|20.7947|2.1136|62.0818|1.1261
35|2020-09-02|14:10:10|3C454-3-20200902@141010-R_Astrodon_2018_calib.fits|3C454-3|22 53 57.70|+16 08 54.0|343.4904|16.1483|1017.8327|1026.5603|R_Astrodon_2018|2459095.0903935186|180.0|20.7819|2.2208|62.8136|1.1188
36|2020-09-02|14:14:44|3C66A-20200902@141439-R_Astrodon_2018_calib.fits|3C66A|02 22 39.60|+43 02 08.0|35.6650|43.0356|995.1092|1150.8935|R_Astrodon_2018|2459095.093564815|180.0|21.3927|2.7047|23.6196|2.4459
37|2020-09-02|13:00:35|4C38-41-20200902@130032-R_Astrodon_2018_calib.fits|4C38-41|16 35 15.50|+38 08 04.0|248.8146|38.1344|1026.0486|1012.8376|R_Astrodon_2018|2459095.0420717592|180.0|20.8510|2.4751|45.7238|1.4063
38|2020-09-02|13:03:49|4C38-41-20200902@130348-R_Astrodon_2018_calib.fits|4C38-41|16 35 15.50|+38 08 04.0|248.8146|38.1344|1026.2371|1014.7984|R_Astrodon_2018|2459095.0443171295|180.0|20.8949|2.3843|45.0881|1.4222
39|2020-09-02|13:43:56|4C51-37-20200902@134352-R_Astrodon_2018_calib.fits|4C51-37|17 40 37.00|+52 11 43.0|265.1542|52.1953|1033.7981|1001.8626|R_Astrodon_2018|2459095.072175926|180.0|21.3999|2.3121|46.0534|1.3963
40|2020-09-02|13:47:12|4C51-37-20200902@134711-R_Astrodon_2018_calib.fits|4C51-37|17 40 37.00|+52 11 43.0|265.1542|52.1953|1034.1719|1003.0103|R_Astrodon_2018|2459095.0744444444|180.0|21.4121|2.3216|45.5921|1.4074
41|2020-09-02|18:01:38|AO0235+16-20200902@180134-R_Astrodon_2018_calib.fits|AO0235+16|02 38 38.90|+16 36 59.0|39.6621|16.6164|1022.7393|1024.7516|R_Astrodon_2018|2459095.251134259|180.0|21.7343|2.0271|64.6446|1.1020
42|2020-09-02|17:44:54|BL-Lacertae-20200902@174449-R_Astrodon_2018_calib.fits|BL-Lacertae|22 02 43.30|+42 16 40.0|330.6804|42.2778|1020.6809|951.9326|R_Astrodon_2018|2459095.239513889|180.0|21.4403|2.0235|52.8625|1.2610
43|2020-09-02|17:48:10|BL-Lacertae-20200902@174809-R_Astrodon_2018_calib.fits|BL-Lacertae|22 02 43.30|+42 16 40.0|330.6804|42.2778|1020.6264|953.4552|R_Astrodon_2018|2459095.2417824073|180.0|21.4424|1.9599|52.2850|1.2709
44|2020-09-02|14:00:08|CTA102-20200902@140003-R_Astrodon_2018_calib.fits|CTA102|22 32 36.40|+11 43 51.0|338.1517|11.7308|1021.8007|1023.6236|R_Astrodon_2018|2459095.083425926|180.0|21.1031|2.1735|63.4463|1.1128
45|2020-09-02|14:03:23|CTA102-20200902@140322-R_Astrodon_2018_calib.fits|CTA102|22 32 36.40|+11 43 51.0|338.1517|11.7308|1021.9816|1024.0446|R_Astrodon_2018|2459095.0856828704|180.0|21.1175|2.1864|64.1375|1.1064
46|2020-09-02|12:53:42|DA406-20200902@125338-R_Astrodon_2018_calib.fits|DA406|16 13 41.00|+34 12 48.0|243.4208|34.2133|1037.1370|992.8195|R_Astrodon_2018|2459095.0372916665|180.0|20.9915|2.6373|42.8665|1.4819
47|2020-09-02|12:56:58|DA406-20200902@125657-R_Astrodon_2018_calib.fits|DA406|16 13 41.00|+34 12 48.0|243.4208|34.2133|1037.5291|994.8479|R_Astrodon_2018|2459095.0395601853|180.0|21.0197|2.5225|42.1896|1.5015
48|2020-09-02|17:52:41|ES2344+514-20200902@175236-R_Astrodon_2018_calib.fits|ES2344+514|23 47 04.00|+51 42 18.0|356.7667|51.7050|1010.7300|1022.0878|R_Astrodon_2018|2459095.2449189816|180.0|21.6561|1.8671|59.6102|1.1618
49|2020-09-02|17:55:57|ES2344+514-20200902@175556-R_Astrodon_2018_calib.fits|ES2344+514|23 47 04.00|+51 42 18.0|356.7667|51.7050|1010.7342|1022.0721|R_Astrodon_2018|2459095.2471875|180.0|21.6658|1.8884|59.3725|1.1648
50|2020-09-02|13:07:23|Mkn501-20200902@130722-R_Astrodon_2018_calib.fits|Mkn501|16 53 52.20|+39 45 37.0|253.4675|39.7603|1027.2081|1005.3318|R_Astrodon_2018|2459095.0467939815|180.0|21.0924|2.5769|47.8182|1.3581
51|2020-09-02|13:10:38|Mkn501-20200902@131037-R_Astrodon_2018_calib.fits|Mkn501|16 53 52.20|+39 45 37.0|253.4675|39.7603|1027.2212|1007.0999|R_Astrodon_2018|2459095.0490509258|180.0|20.2391|2.3310|47.1982|1.3719
52|2020-09-03|18:43:15|3C454-3-20200903@184314-R_Astrodon_2018_calib.fits|3C454-3|22 53 57.70|+16 08 54.0|343.4904|16.1483|1030.7886|1005.3122|R_Astrodon_2018|2459096.2800347223|180.0|20.4827|3.2297|50.3620|1.3059
53|2020-09-03|18:50:51|BL-Lacertae-20200903@185046-R_Astrodon_2018_calib.fits|BL-Lacertae|22 02 43.30|+42 16 40.0|330.6804|42.2778|1076.8212|1048.6456|R_Astrodon_2018|2459096.2853125|180.0|21.3411|3.5509|40.1480|1.5619
54|2020-09-03|18:54:06|BL-Lacertae-20200903@185406-R_Astrodon_2018_calib.fits|BL-Lacertae|22 02 43.30|+42 16 40.0|330.6804|42.2778|1077.5636|1051.0015|R_Astrodon_2018|2459096.2875694446|180.0|-9999.0000|-9999.0000|39.5462|1.5820
55|2020-09-03|18:36:26|CTA102-20200903@183621-R_Astrodon_2018_calib.fits|CTA102|22 32 36.40|+11 43 51.0|338.1517|11.7308|967.9019|910.3992|R_Astrodon_2018|2459096.275300926|180.0|20.8386|3.4631|45.5593|1.4100
56|2020-09-03|18:39:41|CTA102-20200903@183941-R_Astrodon_2018_calib.fits|CTA102|22 32 36.40|+11 43 51.0|338.1517|11.7308|969.2296|912.5495|R_Astrodon_2018|2459096.2775578704|180.0|20.7979|3.5822|44.8176|1.4287
57|2020-09-04|13:50:09|4C38-41-20200904@135004-R_Astrodon_2018_calib.fits|4C38-41|16 35 15.50|+38 08 04.0|248.8146|38.1344|1023.1445|1024.6063|R_Astrodon_2018|2459097.0764930556|180.0|20.7064|2.5574|34.4112|1.7868
58|2020-09-04|13:53:23|4C38-41-20200904@135323-R_Astrodon_2018_calib.fits|4C38-41|16 35 15.50|+38 08 04.0|248.8146|38.1344|1023.4170|1026.1428|R_Astrodon_2018|2459097.078738426|180.0|20.4529|2.6598|33.7757|1.8170
59|2020-09-04|13:57:00|Mkn501-20200904@135657-R_Astrodon_2018_calib.fits|Mkn501|16 53 52.20|+39 45 37.0|253.4675|39.7603|1025.1767|1013.4237|R_Astrodon_2018|2459097.08125|180.0|18.1158|2.5944|36.7737|1.6854
60|2020-09-04|14:00:14|Mkn501-20200904@140013-R_Astrodon_2018_calib.fits|Mkn501|16 53 52.20|+39 45 37.0|253.4675|39.7603|1025.2937|1015.3729|R_Astrodon_2018|2459097.0834953706|180.0|19.8297|2.8802|36.1508|1.7108
61|2020-09-06|13:05:31|3C345-20200906@130530-R_Astrodon_2018_calib.fits|3C345|16 42 58.80|+39 48 37.0|250.7450|39.8103|1026.8374|1020.7309|R_Astrodon_2018|2459099.045497685|180.0|20.9879|2.4847|43.0795|1.4749
62|2020-09-06|13:08:46|3C345-20200906@130845-R_Astrodon_2018_calib.fits|3C345|16 42 58.80|+39 48 37.0|250.7450|39.8103|1027.3852|1022.7110|R_Astrodon_2018|2459099.0477546295|180.0|20.9836|2.4242|42.4549|1.4928
63|2020-09-06|13:20:27|3C371-20200906@132022-R_Astrodon_2018_calib.fits|3C371|18 06 50.70|+69 49 28.0|271.7112|69.8244|1033.7362|1078.2911|R_Astrodon_2018|2459099.0558680557|180.0|21.4724|2.4813|39.1818|1.5866
64|2020-09-06|13:23:42|3C371-20200906@132341-R_Astrodon_2018_calib.fits|3C371|18 06 50.70|+69 49 28.0|271.7112|69.8244|1033.1491|1077.8860|R_Astrodon_2018|2459099.058125|180.0|21.4655|2.4887|38.9877|1.5934
65|2020-09-06|13:35:57|3C454-3-20200906@133556-R_Astrodon_2018_calib.fits|3C454-3|22 53 57.70|+16 08 54.0|343.4904|16.1483|1018.0176|1028.0727|R_Astrodon_2018|2459099.0666319444|180.0|20.9076|2.1803|58.6137|1.1647
66|2020-09-06|13:39:11|3C454-3-20200906@133910-R_Astrodon_2018_calib.fits|3C454-3|22 53 57.70|+16 08 54.0|343.4904|16.1483|1018.2270|1027.9715|R_Astrodon_2018|2459099.0688773147|180.0|20.9106|2.0989|59.3505|1.1558
67|2020-09-06|12:51:57|4C38-41-20200906@125157-R_Astrodon_2018_calib.fits|4C38-41|16 35 15.50|+38 08 04.0|248.8146|38.1344|1026.2948|1012.6460|R_Astrodon_2018|2459099.036076389|180.0|21.2772|2.3861|44.3284|1.4415
68|2020-09-06|12:55:12|4C38-41-20200906@125511-R_Astrodon_2018_calib.fits|4C38-41|16 35 15.50|+38 08 04.0|248.8146|38.1344|1026.4770|1014.6316|R_Astrodon_2018|2459099.0383333336|180.0|21.2584|2.3588|43.6885|1.4586
69|2020-09-06|13:12:57|4C51-37-20200906@131252-R_Astrodon_2018_calib.fits|4C51-37|17 40 37.00|+52 11 43.0|265.1542|52.1953|1036.7170|1010.6351|R_Astrodon_2018|2459099.050659722|180.0|21.5802|2.3192|48.1656|1.3485
70|2020-09-06|13:16:12|4C51-37-20200906@131611-R_Astrodon_2018_calib.fits|4C51-37|17 40 37.00|+52 11 43.0|265.1542|52.1953|1036.3312|1011.4369|R_Astrodon_2018|2459099.0529166665|180.0|21.5767|2.3696|47.7219|1.3582
71|2020-09-06|13:29:09|CTA102-20200906@132904-R_Astrodon_2018_calib.fits|CTA102|22 32 36.40|+11 43 51.0|338.1517|11.7308|1022.2350|1023.8960|R_Astrodon_2018|2459099.061909722|180.0|21.2595|2.0333|60.1495|1.1468
72|2020-09-06|13:32:23|CTA102-20200906@133222-R_Astrodon_2018_calib.fits|CTA102|22 32 36.40|+11 43 51.0|338.1517|11.7308|1022.3853|1024.3981|R_Astrodon_2018|2459099.0641550925|180.0|21.2571|2.0456|60.8545|1.1390
73|2020-09-06|12:45:09|DA406-20200906@124504-R_Astrodon_2018_calib.fits|DA406|16 13 41.00|+34 12 48.0|243.4208|34.2133|1083.1874|900.2486|R_Astrodon_2018|2459099.0313541666|180.0|21.4075|2.4441|41.3795|1.5261
74|2020-09-06|12:48:24|DA406-20200906@124823-R_Astrodon_2018_calib.fits|DA406|16 13 41.00|+34 12 48.0|243.4208|34.2133|1083.1329|902.3059|R_Astrodon_2018|2459099.0336111113|180.0|21.3965|2.5709|40.7065|1.5473
75|2020-09-06|12:37:25|KS1510-08-20200906@123720-R_Astrodon_2018_calib.fits|KS1510-08|15 12 50.50|-09 06 00.0|228.2104|-9.1000|1026.9466|1018.8045|R_Astrodon_2018|2459099.0259837965|180.0|20.6411|4.6220|15.9667|3.6922
76|2020-09-06|12:40:40|KS1510-08-20200906@124039-R_Astrodon_2018_calib.fits|KS1510-08|15 12 50.50|-09 06 00.0|228.2104|-9.1000|1031.1416|1015.4161|R_Astrodon_2018|2459099.0282407408|180.0|20.6828|4.4035|15.2539|3.8623
77|2020-09-06|12:58:45|Mkn501-20200906@125845-R_Astrodon_2018_calib.fits|Mkn501|16 53 52.20|+39 45 37.0|253.4675|39.7603|1026.9604|1004.7340|R_Astrodon_2018|2459099.040798611|180.0|21.4554|2.5341|46.4637|1.3887
78|2020-09-06|13:02:00|Mkn501-20200906@130159-R_Astrodon_2018_calib.fits|Mkn501|16 53 52.20|+39 45 37.0|253.4675|39.7603|1027.6321|1006.8362|R_Astrodon_2018|2459099.043055556|180.0|21.4633|2.2960|45.8418|1.4035
79|2020-09-06|13:43:45|PKS2155-304-20200906@134340-R_Astrodon_2018_calib.fits|PKS2155-304|21 58 52.00|-30 13 32.0|329.7167|-30.2256|1055.2263|1137.9397|R_Astrodon_2018|2459099.072048611|180.0|21.2502|3.0416|33.9378|1.7758
80|2020-09-06|13:46:59|PKS2155-304-20200906@134658-R_Astrodon_2018_calib.fits|PKS2155-304|21 58 52.00|-30 13 32.0|329.7167|-30.2256|1053.8818|1140.1706|R_Astrodon_2018|2459099.0742939813|180.0|21.3154|2.5647|34.1566|1.7661
81|2020-09-07|17:38:16|BL-Lacertae-20200907@173811-R_Astrodon_2018_calib.fits|BL-Lacertae|22 02 43.30|+42 16 40.0|330.6804|42.2778|948.1833|969.3606|R_Astrodon_2018|2459100.2349074073|180.0|21.3571|2.1283|50.5457|1.3024
82|2020-09-07|17:41:31|BL-Lacertae-20200907@174130-R_Astrodon_2018_calib.fits|BL-Lacertae|22 02 43.30|+42 16 40.0|330.6804|42.2778|948.4409|970.4944|R_Astrodon_2018|2459100.2371643516|180.0|21.0777|2.0815|49.9623|1.3136
83|2020-09-07|17:44:46|BL-Lacertae-20200907@174445-R_Astrodon_2018_calib.fits|BL-Lacertae|22 02 43.30|+42 16 40.0|330.6804|42.2778|949.2587|971.0306|R_Astrodon_2018|2459100.2394212964|180.0|20.8778|2.1108|49.3770|1.3252
84|2020-09-07|17:48:00|BL-Lacertae-20200907@174800-R_Astrodon_2018_calib.fits|BL-Lacertae|22 02 43.30|+42 16 40.0|330.6804|42.2778|949.5307|971.7545|R_Astrodon_2018|2459100.2416666667|180.0|21.4312|2.0930|48.7930|1.3371
85|2020-09-07|17:51:15|BL-Lacertae-20200907@175114-R_Astrodon_2018_calib.fits|BL-Lacertae|22 02 43.30|+42 16 40.0|330.6804|42.2778|949.7734|972.6092|R_Astrodon_2018|2459100.243923611|180.0|21.4432|2.1312|48.2043|1.3494
86|2020-09-07|17:54:29|BL-Lacertae-20200907@175429-R_Astrodon_2018_calib.fits|BL-Lacertae|22 02 43.30|+42 16 40.0|330.6804|42.2778|950.2288|973.8883|R_Astrodon_2018|2459100.2461689813|180.0|21.4378|2.0700|47.6172|1.3621
87|2020-09-07|17:57:43|BL-Lacertae-20200907@175743-R_Astrodon_2018_calib.fits|BL-Lacertae|22 02 43.30|+42 16 40.0|330.6804|42.2778|950.6434|974.8959|R_Astrodon_2018|2459100.248414352|180.0|21.4449|2.1122|47.0286|1.3753
88|2020-09-07|18:00:58|BL-Lacertae-20200907@180057-R_Astrodon_2018_calib.fits|BL-Lacertae|22 02 43.30|+42 16 40.0|330.6804|42.2778|950.6991|976.3628|R_Astrodon_2018|2459100.2506712964|180.0|21.0841|2.1449|46.4357|1.3888
89|2020-09-07|18:04:12|BL-Lacertae-20200907@180411-R_Astrodon_2018_calib.fits|BL-Lacertae|22 02 43.30|+42 16 40.0|330.6804|42.2778|951.1696|978.1194|R_Astrodon_2018|2459100.2529166667|180.0|20.8887|2.0357|45.8447|1.4028
90|2020-09-07|18:07:26|BL-Lacertae-20200907@180726-R_Astrodon_2018_calib.fits|BL-Lacertae|22 02 43.30|+42 16 40.0|330.6804|42.2778|951.5945|979.1252|R_Astrodon_2018|2459100.255162037|180.0|20.9079|2.0353|45.2525|1.4173
91|2020-09-07|18:10:41|BL-Lacertae-20200907@181040-R_Astrodon_2018_calib.fits|BL-Lacertae|22 02 43.30|+42 16 40.0|330.6804|42.2778|952.1215|980.1336|R_Astrodon_2018|2459100.2574189813|180.0|20.5093|2.1241|44.6563|1.4323
92|2020-09-07|18:13:55|BL-Lacertae-20200907@181355-R_Astrodon_2018_calib.fits|BL-Lacertae|22 02 43.30|+42 16 40.0|330.6804|42.2778|952.7929|981.7259|R_Astrodon_2018|2459100.259664352|180.0|20.8368|2.1078|44.0622|1.4477
93|2020-09-07|18:17:10|BL-Lacertae-20200907@181709-R_Astrodon_2018_calib.fits|BL-Lacertae|22 02 43.30|+42 16 40.0|330.6804|42.2778|953.3851|983.3609|R_Astrodon_2018|2459100.2619212964|180.0|21.3762|2.1568|43.4641|1.4637
94|2020-09-07|18:20:24|BL-Lacertae-20200907@182024-R_Astrodon_2018_calib.fits|BL-Lacertae|22 02 43.30|+42 16 40.0|330.6804|42.2778|954.1614|985.0371|R_Astrodon_2018|2459100.2641666667|180.0|21.1171|2.0624|42.8684|1.4802
95|2020-09-07|18:23:50|BL-Lacertae-20200907@182349-R_Astrodon_2018_calib.fits|BL-Lacertae|22 02 43.30|+42 16 40.0|330.6804|42.2778|954.9581|986.4388|R_Astrodon_2018|2459100.266550926|180.0|21.4286|2.1637|42.2350|1.4983
96|2020-09-07|18:27:04|BL-Lacertae-20200907@182704-R_Astrodon_2018_calib.fits|BL-Lacertae|22 02 43.30|+42 16 40.0|330.6804|42.2778|955.7671|987.8498|R_Astrodon_2018|2459100.2687962963|180.0|21.4320|2.2223|41.6379|1.5160
97|2020-09-07|18:30:19|BL-Lacertae-20200907@183018-R_Astrodon_2018_calib.fits|BL-Lacertae|22 02 43.30|+42 16 40.0|330.6804|42.2778|956.2240|989.3294|R_Astrodon_2018|2459100.2710532406|180.0|21.4267|2.2562|41.0372|1.5343
98|2020-09-07|18:33:33|BL-Lacertae-20200907@183332-R_Astrodon_2018_calib.fits|BL-Lacertae|22 02 43.30|+42 16 40.0|330.6804|42.2778|956.5019|990.6919|R_Astrodon_2018|2459100.273298611|180.0|21.4303|2.2226|40.4391|1.5531
99|2020-09-07|18:36:47|BL-Lacertae-20200907@183647-R_Astrodon_2018_calib.fits|BL-Lacertae|22 02 43.30|+42 16 40.0|330.6804|42.2778|957.0273|992.3454|R_Astrodon_2018|2459100.2755439817|180.0|21.4256|2.1905|39.8405|1.5727
100|2020-09-07|18:40:02|BL-Lacertae-20200907@184001-R_Astrodon_2018_calib.fits|BL-Lacertae|22 02 43.30|+42 16 40.0|330.6804|42.2778|957.6322|993.5844|R_Astrodon_2018|2459100.277800926|180.0|21.2178|2.4218|39.2386|1.5930
101|2020-09-07|18:43:16|BL-Lacertae-20200907@184316-R_Astrodon_2018_calib.fits|BL-Lacertae|22 02 43.30|+42 16 40.0|330.6804|42.2778|958.3134|995.2711|R_Astrodon_2018|2459100.2800462963|180.0|21.0386|2.1927|38.6394|1.6140
102|2020-09-07|18:46:31|BL-Lacertae-20200907@184630-R_Astrodon_2018_calib.fits|BL-Lacertae|22 02 43.30|+42 16 40.0|330.6804|42.2778|959.3450|996.7635|R_Astrodon_2018|2459100.2823032406|180.0|-9999.0000|-9999.0000|38.0369|1.6358
103|2020-09-14|16:17:19|BL-Lacertae-20200914@161714-R_Astrodon_2018_calib.fits|BL-Lacertae|22 02 43.30|+42 16 40.0|330.6804|42.2778|1005.4386|945.0725|R_Astrodon_2018|2459107.1786921294|180.0|21.4731|3.0211|59.7286|1.1626
104|2020-09-14|16:20:35|BL-Lacertae-20200914@162035-R_Astrodon_2018_calib.fits|BL-Lacertae|22 02 43.30|+42 16 40.0|330.6804|42.2778|1006.1377|946.4079|R_Astrodon_2018|2459107.180960648|180.0|21.4757|2.6161|59.1977|1.1690
105|2020-09-14|16:24:00|BL-Lacertae-20200914@162400-R_Astrodon_2018_calib.fits|BL-Lacertae|22 02 43.30|+42 16 40.0|330.6804|42.2778|1006.8676|947.0864|R_Astrodon_2018|2459107.183333333|180.0|21.4797|2.6450|58.6369|1.1761
106|2020-09-14|16:27:15|BL-Lacertae-20200914@162714-R_Astrodon_2018_calib.fits|BL-Lacertae|22 02 43.30|+42 16 40.0|330.6804|42.2778|1007.6221|947.7371|R_Astrodon_2018|2459107.185590278|180.0|21.4695|2.7528|58.0986|1.1830
107|2020-09-14|16:30:29|BL-Lacertae-20200914@163029-R_Astrodon_2018_calib.fits|BL-Lacertae|22 02 43.30|+42 16 40.0|330.6804|42.2778|1008.3105|948.4060|R_Astrodon_2018|2459107.187835648|180.0|21.4646|2.8041|57.5584|1.1902
108|2020-09-14|16:33:44|BL-Lacertae-20200914@163343-R_Astrodon_2018_calib.fits|BL-Lacertae|22 02 43.30|+42 16 40.0|330.6804|42.2778|1008.8785|949.4438|R_Astrodon_2018|2459107.1900925925|180.0|21.4575|2.7307|57.0113|1.1976
109|2020-09-14|16:37:10|BL-Lacertae-20200914@163710-R_Astrodon_2018_calib.fits|BL-Lacertae|22 02 43.30|+42 16 40.0|330.6804|42.2778|1009.6268|950.4871|R_Astrodon_2018|2459107.192476852|180.0|21.4621|2.5312|56.4288|1.2058
110|2020-09-14|16:40:25|BL-Lacertae-20200914@164024-R_Astrodon_2018_calib.fits|BL-Lacertae|22 02 43.30|+42 16 40.0|330.6804|42.2778|1010.2694|951.2099|R_Astrodon_2018|2459107.194733796|180.0|21.4622|2.4879|55.8736|1.2137
111|2020-09-14|16:43:40|BL-Lacertae-20200914@164339-R_Astrodon_2018_calib.fits|BL-Lacertae|22 02 43.30|+42 16 40.0|330.6804|42.2778|1010.8598|951.8919|R_Astrodon_2018|2459107.196990741|180.0|21.4605|2.6970|55.3148|1.2220
112|2020-09-14|16:46:54|BL-Lacertae-20200914@164653-R_Astrodon_2018_calib.fits|BL-Lacertae|22 02 43.30|+42 16 40.0|330.6804|42.2778|1011.5976|952.6229|R_Astrodon_2018|2459107.1992361112|180.0|21.4592|2.7665|54.7555|1.2305
113|2020-09-14|16:50:21|BL-Lacertae-20200914@165020-R_Astrodon_2018_calib.fits|BL-Lacertae|22 02 43.30|+42 16 40.0|330.6804|42.2778|1012.2592|953.3828|R_Astrodon_2018|2459107.2016319446|180.0|21.4550|2.6217|54.1553|1.2399
114|2020-09-14|16:53:35|BL-Lacertae-20200914@165334-R_Astrodon_2018_calib.fits|BL-Lacertae|22 02 43.30|+42 16 40.0|330.6804|42.2778|1012.6282|954.3932|R_Astrodon_2018|2459107.203877315|180.0|21.4457|2.4627|53.5898|1.2490
115|2020-09-14|16:56:49|BL-Lacertae-20200914@165649-R_Astrodon_2018_calib.fits|BL-Lacertae|22 02 43.30|+42 16 40.0|330.6804|42.2778|1013.2647|955.3508|R_Astrodon_2018|2459107.206122685|180.0|21.4573|2.4712|53.0215|1.2584
116|2020-09-14|17:00:04|BL-Lacertae-20200914@170003-R_Astrodon_2018_calib.fits|BL-Lacertae|22 02 43.30|+42 16 40.0|330.6804|42.2778|1013.8186|956.3879|R_Astrodon_2018|2459107.2083796295|180.0|21.4625|2.5595|52.4476|1.2681
117|2020-09-14|17:03:18|BL-Lacertae-20200914@170318-R_Astrodon_2018_calib.fits|BL-Lacertae|22 02 43.30|+42 16 40.0|330.6804|42.2778|1014.4934|957.6917|R_Astrodon_2018|2459107.210625|180.0|21.4528|2.5125|51.8742|1.2781
118|2020-09-14|17:06:32|BL-Lacertae-20200914@170631-R_Astrodon_2018_calib.fits|BL-Lacertae|22 02 43.30|+42 16 40.0|330.6804|42.2778|1015.1212|959.1863|R_Astrodon_2018|2459107.2128703706|180.0|21.4621|2.4292|51.2986|1.2885
119|2020-09-14|17:09:47|BL-Lacertae-20200914@170946-R_Astrodon_2018_calib.fits|BL-Lacertae|22 02 43.30|+42 16 40.0|330.6804|42.2778|1015.6694|960.3277|R_Astrodon_2018|2459107.215127315|180.0|21.4616|2.4175|50.7178|1.2992
120|2020-09-14|17:13:01|BL-Lacertae-20200914@171300-R_Astrodon_2018_calib.fits|BL-Lacertae|22 02 43.30|+42 16 40.0|330.6804|42.2778|1016.1744|961.9030|R_Astrodon_2018|2459107.217372685|180.0|21.4630|2.4425|50.1379|1.3103
121|2020-09-14|17:16:16|BL-Lacertae-20200914@171615-R_Astrodon_2018_calib.fits|BL-Lacertae|22 02 43.30|+42 16 40.0|330.6804|42.2778|1016.5353|963.3814|R_Astrodon_2018|2459107.2196296295|180.0|21.4611|2.4639|49.5532|1.3218
122|2020-09-14|17:19:39|BL-Lacertae-20200914@171939-R_Astrodon_2018_calib.fits|BL-Lacertae|22 02 43.30|+42 16 40.0|330.6804|42.2778|1017.3380|964.7710|R_Astrodon_2018|2459107.221979167|180.0|21.4580|2.5666|48.9425|1.3341
123|2020-09-14|17:22:54|BL-Lacertae-20200914@172253-R_Astrodon_2018_calib.fits|BL-Lacertae|22 02 43.30|+42 16 40.0|330.6804|42.2778|1017.8016|966.2246|R_Astrodon_2018|2459107.224236111|180.0|21.4555|2.6248|48.3543|1.3463
124|2020-09-14|17:26:08|BL-Lacertae-20200914@172607-R_Astrodon_2018_calib.fits|BL-Lacertae|22 02 43.30|+42 16 40.0|330.6804|42.2778|1017.9300|968.0479|R_Astrodon_2018|2459107.2264814815|180.0|21.4513|2.6986|47.7675|1.3589
125|2020-09-14|17:29:22|BL-Lacertae-20200914@172921-R_Astrodon_2018_calib.fits|BL-Lacertae|22 02 43.30|+42 16 40.0|330.6804|42.2778|1018.3312|969.4333|R_Astrodon_2018|2459107.2287268518|180.0|21.4489|2.6954|47.1793|1.3720
126|2020-09-14|17:32:36|BL-Lacertae-20200914@173236-R_Astrodon_2018_calib.fits|BL-Lacertae|22 02 43.30|+42 16 40.0|330.6804|42.2778|1019.0882|971.2811|R_Astrodon_2018|2459107.230972222|180.0|21.4521|2.5324|46.5898|1.3854
127|2020-09-14|17:35:51|BL-Lacertae-20200914@173550-R_Astrodon_2018_calib.fits|BL-Lacertae|22 02 43.30|+42 16 40.0|330.6804|42.2778|1019.7520|973.1145|R_Astrodon_2018|2459107.233229167|180.0|21.4588|2.7194|45.9960|1.3993
128|2020-09-14|17:39:05|BL-Lacertae-20200914@173905-R_Astrodon_2018_calib.fits|BL-Lacertae|22 02 43.30|+42 16 40.0|330.6804|42.2778|1019.9626|975.1594|R_Astrodon_2018|2459107.235474537|180.0|21.4525|2.7710|45.4041|1.4137
129|2020-09-14|17:42:19|BL-Lacertae-20200914@174219-R_Astrodon_2018_calib.fits|BL-Lacertae|22 02 43.30|+42 16 40.0|330.6804|42.2778|1020.3860|977.0028|R_Astrodon_2018|2459107.2377199074|180.0|21.4446|2.7202|44.8112|1.4285
130|2020-09-14|17:45:34|BL-Lacertae-20200914@174534-R_Astrodon_2018_calib.fits|BL-Lacertae|22 02 43.30|+42 16 40.0|330.6804|42.2778|1020.8524|978.5077|R_Astrodon_2018|2459107.2399768517|180.0|21.4479|2.7620|44.2142|1.4439
131|2020-09-14|17:48:49|BL-Lacertae-20200914@174848-R_Astrodon_2018_calib.fits|BL-Lacertae|22 02 43.30|+42 16 40.0|330.6804|42.2778|1021.6330|980.2600|R_Astrodon_2018|2459107.2422337965|180.0|21.4515|2.8051|43.6164|1.4597
132|2020-09-14|17:52:03|BL-Lacertae-20200914@175202-R_Astrodon_2018_calib.fits|BL-Lacertae|22 02 43.30|+42 16 40.0|330.6804|42.2778|1022.3632|981.9964|R_Astrodon_2018|2459107.244479167|180.0|21.4403|2.7137|43.0209|1.4761
133|2020-09-14|17:55:18|BL-Lacertae-20200914@175517-R_Astrodon_2018_calib.fits|BL-Lacertae|22 02 43.30|+42 16 40.0|330.6804|42.2778|1022.8954|983.7962|R_Astrodon_2018|2459107.246736111|180.0|21.4423|2.6970|42.4215|1.4931
134|2020-09-14|17:58:32|BL-Lacertae-20200914@175832-R_Astrodon_2018_calib.fits|BL-Lacertae|22 02 43.30|+42 16 40.0|330.6804|42.2778|1023.6553|985.7402|R_Astrodon_2018|2459107.2489814814|180.0|21.4302|2.7417|41.8246|1.5106
135|2020-09-14|18:01:47|BL-Lacertae-20200914@180146-R_Astrodon_2018_calib.fits|BL-Lacertae|22 02 43.30|+42 16 40.0|330.6804|42.2778|1024.4953|987.4370|R_Astrodon_2018|2459107.2512384257|180.0|21.3803|2.8475|41.2240|1.5287
136|2020-09-14|18:05:01|BL-Lacertae-20200914@180500-R_Astrodon_2018_calib.fits|BL-Lacertae|22 02 43.30|+42 16 40.0|330.6804|42.2778|1025.0594|989.2362|R_Astrodon_2018|2459107.2534837965|180.0|21.4293|2.7491|40.6261|1.5475
137|2020-09-14|18:08:16|BL-Lacertae-20200914@180815-R_Astrodon_2018_calib.fits|BL-Lacertae|22 02 43.30|+42 16 40.0|330.6804|42.2778|1025.8051|990.8278|R_Astrodon_2018|2459107.255740741|180.0|21.4359|2.7406|40.0246|1.5669
138|2020-09-14|18:13:40|BL-Lacertae-20200914@181335-R_Astrodon_2018_calib.fits|BL-Lacertae|22 02 43.30|+42 16 40.0|330.6804|42.2778|1027.3090|993.2346|R_Astrodon_2018|2459107.259490741|180.0|21.4344|2.6766|39.0244|1.6001
139|2020-09-14|18:16:55|BL-Lacertae-20200914@181654-R_Astrodon_2018_calib.fits|BL-Lacertae|22 02 43.30|+42 16 40.0|330.6804|42.2778|1028.0466|994.8715|R_Astrodon_2018|2459107.2617476853|180.0|21.4413|2.7367|38.4220|1.6214
140|2020-09-14|18:20:10|BL-Lacertae-20200914@182009-R_Astrodon_2018_calib.fits|BL-Lacertae|22 02 43.30|+42 16 40.0|330.6804|42.2778|1029.0998|996.4410|R_Astrodon_2018|2459107.2640046296|180.0|21.4340|2.7870|37.8195|1.6433
141|2020-09-14|18:23:24|BL-Lacertae-20200914@182323-R_Astrodon_2018_calib.fits|BL-Lacertae|22 02 43.30|+42 16 40.0|330.6804|42.2778|1029.8695|998.0360|R_Astrodon_2018|2459107.26625|180.0|21.4404|2.7706|37.2199|1.6661
142|2020-09-14|18:26:39|BL-Lacertae-20200914@182638-R_Astrodon_2018_calib.fits|BL-Lacertae|22 02 43.30|+42 16 40.0|330.6804|42.2778|1030.2778|999.8441|R_Astrodon_2018|2459107.2685069446|180.0|21.4270|3.0787|36.6171|1.6899
143|2020-09-15|18:14:09|BL-Lacertae-20200915@181404-R_Astrodon_2018_calib.fits|BL-Lacertae|22 02 43.30|+42 16 40.0|330.6804|42.2778|978.9761|1054.8216|R_Astrodon_2018|2459108.2598263887|180.0|21.4235|3.2518|38.2060|1.6287
144|2020-09-15|18:17:24|BL-Lacertae-20200915@181723-R_Astrodon_2018_calib.fits|BL-Lacertae|22 02 43.30|+42 16 40.0|330.6804|42.2778|979.8567|1055.8860|R_Astrodon_2018|2459108.2620833335|180.0|21.4263|3.0980|37.6034|1.6510
145|2020-09-15|18:20:39|BL-Lacertae-20200915@182038-R_Astrodon_2018_calib.fits|BL-Lacertae|22 02 43.30|+42 16 40.0|330.6804|42.2778|980.8556|1057.3435|R_Astrodon_2018|2459108.2643402778|180.0|21.4376|3.3877|37.0007|1.6741
146|2020-09-15|18:23:54|BL-Lacertae-20200915@182353-R_Astrodon_2018_calib.fits|BL-Lacertae|22 02 43.30|+42 16 40.0|330.6804|42.2778|981.2839|1059.4753|R_Astrodon_2018|2459108.266597222|180.0|21.4460|3.3249|36.3979|1.6981
147|2020-09-15|18:27:09|BL-Lacertae-20200915@182708-R_Astrodon_2018_calib.fits|BL-Lacertae|22 02 43.30|+42 16 40.0|330.6804|42.2778|981.6650|1061.0411|R_Astrodon_2018|2459108.268854167|180.0|21.4532|3.3259|35.7951|1.7229
148|2020-09-15|18:30:23|BL-Lacertae-20200915@183022-R_Astrodon_2018_calib.fits|BL-Lacertae|22 02 43.30|+42 16 40.0|330.6804|42.2778|982.3306|1062.8285|R_Astrodon_2018|2459108.271099537|180.0|21.4477|2.9767|35.1954|1.7486
149|2020-09-15|18:33:37|BL-Lacertae-20200915@183337-R_Astrodon_2018_calib.fits|BL-Lacertae|22 02 43.30|+42 16 40.0|330.6804|42.2778|982.9482|1064.3575|R_Astrodon_2018|2459108.2733449074|180.0|21.4581|2.9772|34.5958|1.7752
150|2020-09-15|18:36:52|BL-Lacertae-20200915@183651-R_Astrodon_2018_calib.fits|BL-Lacertae|22 02 43.30|+42 16 40.0|330.6804|42.2778|983.4356|1066.3301|R_Astrodon_2018|2459108.2756018518|180.0|21.4536|2.8495|33.9933|1.8030
151|2020-09-15|18:40:06|BL-Lacertae-20200915@184006-R_Astrodon_2018_calib.fits|BL-Lacertae|22 02 43.30|+42 16 40.0|330.6804|42.2778|984.2092|1067.4260|R_Astrodon_2018|2459108.277847222|180.0|21.4599|2.9190|33.3941|1.8317
152|2020-09-15|18:43:21|BL-Lacertae-20200915@184320-R_Astrodon_2018_calib.fits|BL-Lacertae|22 02 43.30|+42 16 40.0|330.6804|42.2778|985.1835|1068.9635|R_Astrodon_2018|2459108.280104167|180.0|21.4479|2.9881|32.7921|1.8616
153|2020-09-15|18:46:35|BL-Lacertae-20200915@184634-R_Astrodon_2018_calib.fits|BL-Lacertae|22 02 43.30|+42 16 40.0|330.6804|42.2778|986.0288|1070.6020|R_Astrodon_2018|2459108.282349537|180.0|21.4489|2.9172|32.1934|1.8927
154|2020-09-15|18:49:49|BL-Lacertae-20200915@184949-R_Astrodon_2018_calib.fits|BL-Lacertae|22 02 43.30|+42 16 40.0|330.6804|42.2778|986.4901|1071.6541|R_Astrodon_2018|2459108.2845949074|180.0|21.4568|3.0845|31.5951|1.9250
155|2020-09-15|18:53:04|BL-Lacertae-20200915@185303-R_Astrodon_2018_calib.fits|BL-Lacertae|22 02 43.30|+42 16 40.0|330.6804|42.2778|987.2491|1073.6329|R_Astrodon_2018|2459108.2868518517|180.0|21.4539|2.9781|30.9941|1.9585
156|2020-09-15|18:56:18|BL-Lacertae-20200915@185617-R_Astrodon_2018_calib.fits|BL-Lacertae|22 02 43.30|+42 16 40.0|330.6804|42.2778|988.0446|1074.8482|R_Astrodon_2018|2459108.289097222|180.0|21.4505|3.0866|30.3966|1.9935
157|2020-09-15|18:59:32|BL-Lacertae-20200915@185932-R_Astrodon_2018_calib.fits|BL-Lacertae|22 02 43.30|+42 16 40.0|330.6804|42.2778|989.1311|1076.5252|R_Astrodon_2018|2459108.291342593|180.0|21.4516|3.0741|29.7996|2.0300
158|2020-09-15|19:02:47|BL-Lacertae-20200915@190247-R_Astrodon_2018_calib.fits|BL-Lacertae|22 02 43.30|+42 16 40.0|330.6804|42.2778|990.0396|1078.3293|R_Astrodon_2018|2459108.293599537|180.0|21.4390|2.9813|29.2000|2.0681
159|2020-09-15|19:06:02|BL-Lacertae-20200915@190601-R_Astrodon_2018_calib.fits|BL-Lacertae|22 02 43.30|+42 16 40.0|330.6804|42.2778|990.9146|1079.7695|R_Astrodon_2018|2459108.2958564814|180.0|21.4362|2.9131|28.6011|2.1078
160|2020-09-15|19:09:17|BL-Lacertae-20200915@190916-R_Astrodon_2018_calib.fits|BL-Lacertae|22 02 43.30|+42 16 40.0|330.6804|42.2778|991.7915|1081.3797|R_Astrodon_2018|2459108.2981134257|180.0|21.4241|2.9128|28.0028|2.1492
161|2020-09-15|19:12:31|BL-Lacertae-20200915@191231-R_Astrodon_2018_calib.fits|BL-Lacertae|22 02 43.30|+42 16 40.0|330.6804|42.2778|992.3778|1082.2193|R_Astrodon_2018|2459108.3003587965|180.0|21.4321|2.8734|27.4082|2.1924
162|2020-09-15|19:15:46|BL-Lacertae-20200915@191545-R_Astrodon_2018_calib.fits|BL-Lacertae|22 02 43.30|+42 16 40.0|330.6804|42.2778|993.3760|1083.9092|R_Astrodon_2018|2459108.302615741|180.0|21.4184|3.2072|26.8112|2.2376
163|2020-09-15|19:19:00|BL-Lacertae-20200915@191900-R_Astrodon_2018_calib.fits|BL-Lacertae|22 02 43.30|+42 16 40.0|330.6804|42.2778|994.4610|1085.1185|R_Astrodon_2018|2459108.304861111|180.0|21.4105|2.9686|26.2181|2.2849
164|2020-09-16|16:08:29|BL-Lacertae-20200916@160824-R_Astrodon_2018_calib.fits|BL-Lacertae|22 02 43.30|+42 16 40.0|330.6804|42.2778|1006.1961|940.9753|R_Astrodon_2018|2459109.1725578704|180.0|21.5252|3.5875|59.8851|1.1607
165|2020-09-16|16:11:44|BL-Lacertae-20200916@161143-R_Astrodon_2018_calib.fits|BL-Lacertae|22 02 43.30|+42 16 40.0|330.6804|42.2778|1006.5608|941.8014|R_Astrodon_2018|2459109.1748148147|180.0|21.5354|3.2116|59.3586|1.1670
166|2020-09-16|16:14:59|BL-Lacertae-20200916@161458-R_Astrodon_2018_calib.fits|BL-Lacertae|22 02 43.30|+42 16 40.0|330.6804|42.2778|1007.2178|942.2251|R_Astrodon_2018|2459109.1770717595|180.0|21.5299|3.5714|58.8268|1.1736
167|2020-09-16|16:18:24|BL-Lacertae-20200916@161823-R_Astrodon_2018_calib.fits|BL-Lacertae|22 02 43.30|+42 16 40.0|330.6804|42.2778|1007.8356|943.2122|R_Astrodon_2018|2459109.1794444444|180.0|21.5357|3.4797|58.2624|1.1809
168|2020-09-16|16:21:38|BL-Lacertae-20200916@162138-R_Astrodon_2018_calib.fits|BL-Lacertae|22 02 43.30|+42 16 40.0|330.6804|42.2778|1008.7457|943.7512|R_Astrodon_2018|2459109.1816898147|180.0|21.5472|3.2051|57.7237|1.1880
169|2020-09-16|16:24:53|BL-Lacertae-20200916@162452-R_Astrodon_2018_calib.fits|BL-Lacertae|22 02 43.30|+42 16 40.0|330.6804|42.2778|1009.3094|944.4705|R_Astrodon_2018|2459109.1839467594|180.0|21.5322|3.2603|57.1778|1.1953
170|2020-09-16|16:28:07|BL-Lacertae-20200916@162807-R_Astrodon_2018_calib.fits|BL-Lacertae|22 02 43.30|+42 16 40.0|330.6804|42.2778|1010.0883|945.0111|R_Astrodon_2018|2459109.1861921297|180.0|21.5341|3.5095|56.6306|1.2029
171|2020-09-16|16:31:34|BL-Lacertae-20200916@163134-R_Astrodon_2018_calib.fits|BL-Lacertae|22 02 43.30|+42 16 40.0|330.6804|42.2778|1010.8418|945.7617|R_Astrodon_2018|2459109.188587963|180.0|21.5362|3.1558|56.0425|1.2113
172|2020-09-16|16:34:49|BL-Lacertae-20200916@163448-R_Astrodon_2018_calib.fits|BL-Lacertae|22 02 43.30|+42 16 40.0|330.6804|42.2778|1011.2010|946.7094|R_Astrodon_2018|2459109.1908449074|180.0|21.5296|3.4275|55.4848|1.2195
173|2020-09-16|16:38:04|BL-Lacertae-20200916@163803-R_Astrodon_2018_calib.fits|BL-Lacertae|22 02 43.30|+42 16 40.0|330.6804|42.2778|1012.1575|947.9014|R_Astrodon_2018|2459109.1931018517|180.0|21.5376|3.2594|54.9236|1.2279
174|2020-09-16|16:41:19|BL-Lacertae-20200916@164118-R_Astrodon_2018_calib.fits|BL-Lacertae|22 02 43.30|+42 16 40.0|330.6804|42.2778|1012.4375|948.8867|R_Astrodon_2018|2459109.1953587965|180.0|21.5340|3.3823|54.3592|1.2366
175|2020-09-16|16:44:45|BL-Lacertae-20200916@164445-R_Astrodon_2018_calib.fits|BL-Lacertae|22 02 43.30|+42 16 40.0|330.6804|42.2778|1013.0039|949.7452|R_Astrodon_2018|2459109.1977430554|180.0|21.5269|3.6338|53.7597|1.2462
176|2020-09-16|16:47:59|BL-Lacertae-20200916@164759-R_Astrodon_2018_calib.fits|BL-Lacertae|22 02 43.30|+42 16 40.0|330.6804|42.2778|1013.0581|951.2682|R_Astrodon_2018|2459109.1999884257|180.0|21.5286|3.6863|53.1922|1.2555
177|2020-09-16|16:51:14|BL-Lacertae-20200916@165113-R_Astrodon_2018_calib.fits|BL-Lacertae|22 02 43.30|+42 16 40.0|330.6804|42.2778|1013.6172|952.3916|R_Astrodon_2018|2459109.2022453705|180.0|21.5210|4.0226|52.6191|1.2652
178|2020-09-16|16:54:29|BL-Lacertae-20200916@165428-R_Astrodon_2018_calib.fits|BL-Lacertae|22 02 43.30|+42 16 40.0|330.6804|42.2778|1014.1660|953.3381|R_Astrodon_2018|2459109.204502315|180.0|21.5162|3.9715|52.0435|1.2752
179|2020-09-16|16:57:45|BL-Lacertae-20200916@165745-R_Astrodon_2018_calib.fits|BL-Lacertae|22 02 43.30|+42 16 40.0|330.6804|42.2778|1014.9695|954.8632|R_Astrodon_2018|2459109.206770833|180.0|21.5211|3.5006|51.4625|1.2856
180|2020-09-16|17:01:00|BL-Lacertae-20200916@170059-R_Astrodon_2018_calib.fits|BL-Lacertae|22 02 43.30|+42 16 40.0|330.6804|42.2778|1015.5710|956.2970|R_Astrodon_2018|2459109.209027778|180.0|21.5214|3.6470|50.8823|1.2962
181|2020-09-16|17:04:15|BL-Lacertae-20200916@170414-R_Astrodon_2018_calib.fits|BL-Lacertae|22 02 43.30|+42 16 40.0|330.6804|42.2778|1015.6760|957.5141|R_Astrodon_2018|2459109.211284722|180.0|21.5147|3.9480|50.3000|1.3072
182|2020-09-16|17:07:29|BL-Lacertae-20200916@170729-R_Astrodon_2018_calib.fits|BL-Lacertae|22 02 43.30|+42 16 40.0|330.6804|42.2778|1016.3679|959.0361|R_Astrodon_2018|2459109.2135300925|180.0|21.5205|3.6880|49.7188|1.3185
183|2020-09-16|17:10:56|BL-Lacertae-20200916@171056-R_Astrodon_2018_calib.fits|BL-Lacertae|22 02 43.30|+42 16 40.0|330.6804|42.2778|1017.0461|960.3221|R_Astrodon_2018|2459109.215925926|180.0|21.5104|3.7706|49.0967|1.3310
184|2020-09-16|17:14:10|BL-Lacertae-20200916@171409-R_Astrodon_2018_calib.fits|BL-Lacertae|22 02 43.30|+42 16 40.0|330.6804|42.2778|1017.6659|961.8434|R_Astrodon_2018|2459109.218171296|180.0|21.5150|3.7783|48.5119|1.3431
185|2020-09-16|17:17:25|BL-Lacertae-20200916@171724-R_Astrodon_2018_calib.fits|BL-Lacertae|22 02 43.30|+42 16 40.0|330.6804|42.2778|1017.8579|963.3534|R_Astrodon_2018|2459109.220428241|180.0|21.5083|4.0642|47.9225|1.3556
186|2020-09-16|17:20:39|BL-Lacertae-20200916@172039-R_Astrodon_2018_calib.fits|BL-Lacertae|22 02 43.30|+42 16 40.0|330.6804|42.2778|1018.7190|964.4116|R_Astrodon_2018|2459109.2226736112|180.0|21.5197|3.7611|47.3346|1.3685
187|2020-09-16|17:23:53|BL-Lacertae-20200916@172353-R_Astrodon_2018_calib.fits|BL-Lacertae|22 02 43.30|+42 16 40.0|330.6804|42.2778|1019.1202|966.2918|R_Astrodon_2018|2459109.2249189815|180.0|21.5189|3.7476|46.7454|1.3819
188|2020-09-16|17:27:08|BL-Lacertae-20200916@172707-R_Astrodon_2018_calib.fits|BL-Lacertae|22 02 43.30|+42 16 40.0|330.6804|42.2778|1019.5109|968.3313|R_Astrodon_2018|2459109.227175926|180.0|21.5131|4.1492|46.1520|1.3957
189|2020-09-16|17:30:23|BL-Lacertae-20200916@173022-R_Astrodon_2018_calib.fits|BL-Lacertae|22 02 43.30|+42 16 40.0|330.6804|42.2778|1019.9484|970.0940|R_Astrodon_2018|2459109.22943287|180.0|21.5082|4.1052|45.5573|1.4099
190|2020-09-16|17:33:38|BL-Lacertae-20200916@173337-R_Astrodon_2018_calib.fits|BL-Lacertae|22 02 43.30|+42 16 40.0|330.6804|42.2778|1020.5866|971.3508|R_Astrodon_2018|2459109.231689815|180.0|21.5024|4.4314|44.9616|1.4247
191|2020-09-16|17:36:52|BL-Lacertae-20200916@173652-R_Astrodon_2018_calib.fits|BL-Lacertae|22 02 43.30|+42 16 40.0|330.6804|42.2778|1020.9911|973.1610|R_Astrodon_2018|2459109.2339351852|180.0|21.5075|3.7752|44.3679|1.4399
192|2020-09-16|17:40:07|BL-Lacertae-20200916@174006-R_Astrodon_2018_calib.fits|BL-Lacertae|22 02 43.30|+42 16 40.0|330.6804|42.2778|1021.3139|974.6462|R_Astrodon_2018|2459109.2361921296|180.0|21.5009|4.0148|43.7703|1.4556
193|2020-09-16|17:43:21|BL-Lacertae-20200916@174321-R_Astrodon_2018_calib.fits|BL-Lacertae|22 02 43.30|+42 16 40.0|330.6804|42.2778|1022.0608|976.2793|R_Astrodon_2018|2459109.2384375|180.0|21.4944|4.2206|43.1750|1.4719
194|2020-09-16|17:46:36|BL-Lacertae-20200916@174635-R_Astrodon_2018_calib.fits|BL-Lacertae|22 02 43.30|+42 16 40.0|330.6804|42.2778|1022.7528|978.1723|R_Astrodon_2018|2459109.2406944446|180.0|21.5075|3.9659|42.5758|1.4887
195|2020-09-16|17:49:51|BL-Lacertae-20200916@174951-R_Astrodon_2018_calib.fits|BL-Lacertae|22 02 43.30|+42 16 40.0|330.6804|42.2778|1023.3730|979.4668|R_Astrodon_2018|2459109.242951389|180.0|21.4971|4.5553|41.9760|1.5061
196|2020-09-16|17:53:06|BL-Lacertae-20200916@175305-R_Astrodon_2018_calib.fits|BL-Lacertae|22 02 43.30|+42 16 40.0|330.6804|42.2778|1023.6498|981.6589|R_Astrodon_2018|2459109.2452083332|180.0|21.4965|4.0089|41.3756|1.5241
197|2020-09-16|17:56:20|BL-Lacertae-20200916@175620-R_Astrodon_2018_calib.fits|BL-Lacertae|22 02 43.30|+42 16 40.0|330.6804|42.2778|1024.8779|983.1764|R_Astrodon_2018|2459109.2474537035|180.0|21.4841|4.3484|40.7777|1.5427
198|2020-09-16|17:59:35|BL-Lacertae-20200916@175934-R_Astrodon_2018_calib.fits|BL-Lacertae|22 02 43.30|+42 16 40.0|330.6804|42.2778|1025.1666|985.3725|R_Astrodon_2018|2459109.2497106483|180.0|21.5004|3.9269|40.1763|1.5619
199|2020-09-16|18:02:49|BL-Lacertae-20200916@180248-R_Astrodon_2018_calib.fits|BL-Lacertae|22 02 43.30|+42 16 40.0|330.6804|42.2778|1026.1997|986.8350|R_Astrodon_2018|2459109.2519560186|180.0|21.4994|3.9522|39.5776|1.5818
200|2020-09-16|18:06:04|BL-Lacertae-20200916@180603-R_Astrodon_2018_calib.fits|BL-Lacertae|22 02 43.30|+42 16 40.0|330.6804|42.2778|1026.8601|988.3322|R_Astrodon_2018|2459109.254212963|180.0|21.4895|4.2206|38.9755|1.6024
201|2020-09-16|18:09:18|BL-Lacertae-20200916@180917-R_Astrodon_2018_calib.fits|BL-Lacertae|22 02 43.30|+42 16 40.0|330.6804|42.2778|1027.4527|989.5971|R_Astrodon_2018|2459109.256458333|180.0|21.4792|4.3144|38.3762|1.6237
202|2020-09-16|18:12:33|BL-Lacertae-20200916@181232-R_Astrodon_2018_calib.fits|BL-Lacertae|22 02 43.30|+42 16 40.0|330.6804|42.2778|1028.4398|991.1121|R_Astrodon_2018|2459109.258715278|180.0|21.4758|4.3442|37.7737|1.6458
203|2020-09-16|18:15:47|BL-Lacertae-20200916@181546-R_Astrodon_2018_calib.fits|BL-Lacertae|22 02 43.30|+42 16 40.0|330.6804|42.2778|1029.3525|992.3377|R_Astrodon_2018|2459109.2609606483|180.0|21.4875|4.2771|37.1741|1.6687
204|2020-09-16|18:19:02|BL-Lacertae-20200916@181901-R_Astrodon_2018_calib.fits|BL-Lacertae|22 02 43.30|+42 16 40.0|330.6804|42.2778|1029.4143|994.2996|R_Astrodon_2018|2459109.2632175926|180.0|21.4761|4.4108|36.5713|1.6925
205|2020-09-16|18:22:17|BL-Lacertae-20200916@182216-R_Astrodon_2018_calib.fits|BL-Lacertae|22 02 43.30|+42 16 40.0|330.6804|42.2778|1030.8442|995.9634|R_Astrodon_2018|2459109.265474537|180.0|21.4783|4.3024|35.9685|1.7171
206|2020-09-16|18:25:31|BL-Lacertae-20200916@182531-R_Astrodon_2018_calib.fits|BL-Lacertae|22 02 43.30|+42 16 40.0|330.6804|42.2778|1031.3617|997.8838|R_Astrodon_2018|2459109.267719907|180.0|21.4764|4.4422|35.3688|1.7426
207|2020-09-16|18:28:46|BL-Lacertae-20200916@182845-R_Astrodon_2018_calib.fits|BL-Lacertae|22 02 43.30|+42 16 40.0|330.6804|42.2778|1031.5127|999.3352|R_Astrodon_2018|2459109.269976852|180.0|21.4721|4.3261|34.7661|1.7691
208|2020-09-16|18:32:00|BL-Lacertae-20200916@183200-R_Astrodon_2018_calib.fits|BL-Lacertae|22 02 43.30|+42 16 40.0|330.6804|42.2778|1032.3503|1001.7448|R_Astrodon_2018|2459109.2722222223|180.0|21.4461|4.6436|34.1666|1.7966
209|2020-09-16|18:35:15|BL-Lacertae-20200916@183514-R_Astrodon_2018_calib.fits|BL-Lacertae|22 02 43.30|+42 16 40.0|330.6804|42.2778|1033.3892|1003.5863|R_Astrodon_2018|2459109.2744791666|180.0|21.4646|4.3415|33.5643|1.8251
210|2020-09-16|18:38:30|BL-Lacertae-20200916@183829-R_Astrodon_2018_calib.fits|BL-Lacertae|22 02 43.30|+42 16 40.0|330.6804|42.2778|1033.9030|1005.1832|R_Astrodon_2018|2459109.276736111|180.0|21.4700|4.3752|32.9621|1.8547
211|2020-09-16|18:41:44|BL-Lacertae-20200916@184143-R_Astrodon_2018_calib.fits|BL-Lacertae|22 02 43.30|+42 16 40.0|330.6804|42.2778|1035.0107|1006.8909|R_Astrodon_2018|2459109.2789814817|180.0|21.4543|4.7371|32.3634|1.8856
212|2020-09-16|18:44:59|BL-Lacertae-20200916@184458-R_Astrodon_2018_calib.fits|BL-Lacertae|22 02 43.30|+42 16 40.0|330.6804|42.2778|1035.4890|1008.4335|R_Astrodon_2018|2459109.281238426|180.0|21.4528|4.6177|31.7619|1.9176
213|2020-09-16|18:48:14|BL-Lacertae-20200916@184813-R_Astrodon_2018_calib.fits|BL-Lacertae|22 02 43.30|+42 16 40.0|330.6804|42.2778|1036.2349|1009.6211|R_Astrodon_2018|2459109.2834953703|180.0|21.4297|5.0139|31.1607|1.9510
214|2020-09-16|18:51:28|BL-Lacertae-20200916@185128-R_Astrodon_2018_calib.fits|BL-Lacertae|22 02 43.30|+42 16 40.0|330.6804|42.2778|1037.3269|1010.9690|R_Astrodon_2018|2459109.2857407406|180.0|21.4379|4.7408|30.5631|1.9857
215|2020-09-16|18:54:43|BL-Lacertae-20200916@185443-R_Astrodon_2018_calib.fits|BL-Lacertae|22 02 43.30|+42 16 40.0|330.6804|42.2778|1038.2515|1012.4498|R_Astrodon_2018|2459109.2879976854|180.0|21.4338|4.8390|29.9629|2.0220
216|2020-09-16|18:57:58|BL-Lacertae-20200916@185757-R_Astrodon_2018_calib.fits|BL-Lacertae|22 02 43.30|+42 16 40.0|330.6804|42.2778|1039.2067|1013.7775|R_Astrodon_2018|2459109.2902546297|180.0|21.4232|4.8531|29.3632|2.0597
217|2020-09-16|19:01:12|BL-Lacertae-20200916@190112-R_Astrodon_2018_calib.fits|BL-Lacertae|22 02 43.30|+42 16 40.0|330.6804|42.2778|1040.3815|1014.8332|R_Astrodon_2018|2459109.2925|180.0|21.4419|4.5702|28.7672|2.0990
218|2020-09-17|15:22:21|BL-Lacertae-20200917@152216-R_Astrodon_2018_calib.fits|BL-Lacertae|22 02 43.30|+42 16 40.0|330.6804|42.2778|1017.8580|1017.8378|R_Astrodon_2018|2459110.1405208334|180.0|21.4162|3.2053|66.0783|1.0968
219|2020-09-17|15:25:36|BL-Lacertae-20200917@152535-R_Astrodon_2018_calib.fits|BL-Lacertae|22 02 43.30|+42 16 40.0|330.6804|42.2778|1018.5310|1018.6375|R_Astrodon_2018|2459110.1427777777|180.0|21.3395|3.3317|65.6557|1.1006
220|2020-09-17|15:29:02|BL-Lacertae-20200917@152901-R_Astrodon_2018_calib.fits|BL-Lacertae|22 02 43.30|+42 16 40.0|330.6804|42.2778|1019.2898|1018.9650|R_Astrodon_2018|2459110.145162037|180.0|21.1988|3.2083|65.1973|1.1047
221|2020-09-17|15:32:16|BL-Lacertae-20200917@153216-R_Astrodon_2018_calib.fits|BL-Lacertae|22 02 43.30|+42 16 40.0|330.6804|42.2778|1020.0981|1018.7396|R_Astrodon_2018|2459110.1474074074|180.0|21.2095|3.0828|64.7550|1.1088
222|2020-09-17|15:35:31|BL-Lacertae-20200917@153530-R_Astrodon_2018_calib.fits|BL-Lacertae|22 02 43.30|+42 16 40.0|330.6804|42.2778|1020.9666|1018.8988|R_Astrodon_2018|2459110.1496643517|180.0|21.2681|3.0057|64.3007|1.1131
223|2020-09-17|15:38:45|BL-Lacertae-20200917@153845-R_Astrodon_2018_calib.fits|BL-Lacertae|22 02 43.30|+42 16 40.0|330.6804|42.2778|1021.7764|1019.3036|R_Astrodon_2018|2459110.151909722|180.0|21.3620|3.0117|63.8394|1.1176
224|2020-09-17|15:42:12|BL-Lacertae-20200917@154212-R_Astrodon_2018_calib.fits|BL-Lacertae|22 02 43.30|+42 16 40.0|330.6804|42.2778|1022.7810|1019.6637|R_Astrodon_2018|2459110.1543055554|180.0|21.3832|2.9628|63.3377|1.1226
225|2020-09-17|15:45:27|BL-Lacertae-20200917@154526-R_Astrodon_2018_calib.fits|BL-Lacertae|22 02 43.30|+42 16 40.0|330.6804|42.2778|1023.5315|1019.9436|R_Astrodon_2018|2459110.1565625|180.0|21.4111|2.9245|62.8566|1.1275
226|2020-09-17|15:48:41|BL-Lacertae-20200917@154840-R_Astrodon_2018_calib.fits|BL-Lacertae|22 02 43.30|+42 16 40.0|330.6804|42.2778|1024.2846|1020.2041|R_Astrodon_2018|2459110.1588078705|180.0|21.4415|2.9098|62.3702|1.1325
227|2020-09-17|15:51:55|BL-Lacertae-20200917@155155-R_Astrodon_2018_calib.fits|BL-Lacertae|22 02 43.30|+42 16 40.0|330.6804|42.2778|1024.7448|1020.6808|R_Astrodon_2018|2459110.1610532408|180.0|21.4709|2.8759|61.8766|1.1378
228|2020-09-17|15:55:22|BL-Lacertae-20200917@155522-R_Astrodon_2018_calib.fits|BL-Lacertae|22 02 43.30|+42 16 40.0|330.6804|42.2778|1025.4898|1020.9452|R_Astrodon_2018|2459110.163449074|180.0|21.4684|2.9157|61.3423|1.1437
229|2020-09-17|15:58:37|BL-Lacertae-20200917@155836-R_Astrodon_2018_calib.fits|BL-Lacertae|22 02 43.30|+42 16 40.0|330.6804|42.2778|1026.1950|1021.4177|R_Astrodon_2018|2459110.1657060185|180.0|21.4603|2.9272|60.8322|1.1494
230|2020-09-17|16:01:51|BL-Lacertae-20200917@160150-R_Astrodon_2018_calib.fits|BL-Lacertae|22 02 43.30|+42 16 40.0|330.6804|42.2778|1026.7737|1021.9314|R_Astrodon_2018|2459110.1679513888|180.0|21.4617|2.8619|60.3186|1.1554
231|2020-09-17|16:05:05|BL-Lacertae-20200917@160504-R_Astrodon_2018_calib.fits|BL-Lacertae|22 02 43.30|+42 16 40.0|330.6804|42.2778|1027.4814|1022.5913|R_Astrodon_2018|2459110.170196759|180.0|21.4651|2.8688|59.7993|1.1615
232|2020-09-17|16:08:32|BL-Lacertae-20200917@160832-R_Astrodon_2018_calib.fits|BL-Lacertae|22 02 43.30|+42 16 40.0|330.6804|42.2778|1027.8190|1023.2934|R_Astrodon_2018|2459110.1725925924|180.0|21.4294|2.7278|59.2393|1.1683
233|2020-09-17|16:11:46|BL-Lacertae-20200917@161146-R_Astrodon_2018_calib.fits|BL-Lacertae|22 02 43.30|+42 16 40.0|330.6804|42.2778|1028.3586|1023.5348|R_Astrodon_2018|2459110.174837963|180.0|21.4615|2.7812|58.7091|1.1750
234|2020-09-17|16:15:01|BL-Lacertae-20200917@161500-R_Astrodon_2018_calib.fits|BL-Lacertae|22 02 43.30|+42 16 40.0|330.6804|42.2778|1028.9867|1024.3357|R_Astrodon_2018|2459110.1770949075|180.0|21.4647|2.8495|58.1714|1.1819
235|2020-09-17|16:18:16|BL-Lacertae-20200917@161815-R_Astrodon_2018_calib.fits|BL-Lacertae|22 02 43.30|+42 16 40.0|330.6804|42.2778|1029.6050|1025.0496|R_Astrodon_2018|2459110.179351852|180.0|21.4660|2.7467|57.6290|1.1890
236|2020-09-17|16:21:41|BL-Lacertae-20200917@162141-R_Astrodon_2018_calib.fits|BL-Lacertae|22 02 43.30|+42 16 40.0|330.6804|42.2778|1030.2840|1025.7410|R_Astrodon_2018|2459110.181724537|180.0|21.4310|2.8927|57.0543|1.1968
237|2020-09-17|16:24:56|BL-Lacertae-20200917@162455-R_Astrodon_2018_calib.fits|BL-Lacertae|22 02 43.30|+42 16 40.0|330.6804|42.2778|1030.8729|1026.6450|R_Astrodon_2018|2459110.1839814815|180.0|21.4357|2.9569|56.5034|1.2045
238|2020-09-17|16:28:11|BL-Lacertae-20200917@162810-R_Astrodon_2018_calib.fits|BL-Lacertae|22 02 43.30|+42 16 40.0|330.6804|42.2778|1031.3275|1027.3864|R_Astrodon_2018|2459110.186238426|180.0|21.4735|3.2573|55.9486|1.2124
239|2020-09-17|16:31:25|BL-Lacertae-20200917@163124-R_Astrodon_2018_calib.fits|BL-Lacertae|22 02 43.30|+42 16 40.0|330.6804|42.2778|1031.9411|1028.4388|R_Astrodon_2018|2459110.188483796|180.0|21.4502|3.4103|55.3932|1.2206
240|2020-09-17|16:34:51|BL-Lacertae-20200917@163450-R_Astrodon_2018_calib.fits|BL-Lacertae|22 02 43.30|+42 16 40.0|330.6804|42.2778|1032.6451|1028.9595|R_Astrodon_2018|2459110.1908680554|180.0|21.4557|3.3046|54.7997|1.2296
241|2020-09-17|16:38:05|BL-Lacertae-20200917@163805-R_Astrodon_2018_calib.fits|BL-Lacertae|22 02 43.30|+42 16 40.0|330.6804|42.2778|1033.3764|1030.0049|R_Astrodon_2018|2459110.1931134257|180.0|21.4343|3.4797|54.2375|1.2384
242|2020-09-17|16:41:20|BL-Lacertae-20200917@164120-R_Astrodon_2018_calib.fits|BL-Lacertae|22 02 43.30|+42 16 40.0|330.6804|42.2778|1033.9408|1030.6489|R_Astrodon_2018|2459110.1953703705|180.0|21.3852|3.2231|53.6695|1.2475
243|2020-09-17|16:44:35|BL-Lacertae-20200917@164434-R_Astrodon_2018_calib.fits|BL-Lacertae|22 02 43.30|+42 16 40.0|330.6804|42.2778|1034.6345|1031.4357|R_Astrodon_2018|2459110.197627315|180.0|21.3628|3.1772|53.0986|1.2569
244|2020-09-17|16:47:50|BL-Lacertae-20200917@164749-R_Astrodon_2018_calib.fits|BL-Lacertae|22 02 43.30|+42 16 40.0|330.6804|42.2778|1035.3803|1032.5173|R_Astrodon_2018|2459110.199884259|180.0|21.2728|3.1945|52.5251|1.2665
245|2020-09-17|16:51:04|BL-Lacertae-20200917@165104-R_Astrodon_2018_calib.fits|BL-Lacertae|22 02 43.30|+42 16 40.0|330.6804|42.2778|1036.1286|1033.3114|R_Astrodon_2018|2459110.2021296294|180.0|21.2878|3.0073|51.9520|1.2765
246|2020-09-17|16:54:19|BL-Lacertae-20200917@165418-R_Astrodon_2018_calib.fits|BL-Lacertae|22 02 43.30|+42 16 40.0|330.6804|42.2778|1036.6320|1034.2928|R_Astrodon_2018|2459110.204386574|180.0|21.3560|2.8298|51.3737|1.2869
247|2020-09-17|16:57:33|BL-Lacertae-20200917@165733-R_Astrodon_2018_calib.fits|BL-Lacertae|22 02 43.30|+42 16 40.0|330.6804|42.2778|1037.2002|1035.0505|R_Astrodon_2018|2459110.2066319445|180.0|21.3866|2.9973|50.7961|1.2976
248|2020-09-17|17:01:00|BL-Lacertae-20200917@170100-R_Astrodon_2018_calib.fits|BL-Lacertae|22 02 43.30|+42 16 40.0|330.6804|42.2778|1037.9852|1036.3571|R_Astrodon_2018|2459110.209027778|180.0|21.4228|3.0087|50.1776|1.3093
249|2020-09-17|17:04:14|BL-Lacertae-20200917@170413-R_Astrodon_2018_calib.fits|BL-Lacertae|22 02 43.30|+42 16 40.0|330.6804|42.2778|1038.4572|1037.5540|R_Astrodon_2018|2459110.211273148|180.0|21.4397|3.2322|49.5960|1.3206
250|2020-09-17|17:07:28|BL-Lacertae-20200917@170728-R_Astrodon_2018_calib.fits|BL-Lacertae|22 02 43.30|+42 16 40.0|330.6804|42.2778|1038.9898|1038.8097|R_Astrodon_2018|2459110.2135185185|180.0|21.4020|3.1826|49.0126|1.3324
251|2020-09-17|17:10:43|BL-Lacertae-20200917@171042-R_Astrodon_2018_calib.fits|BL-Lacertae|22 02 43.30|+42 16 40.0|330.6804|42.2778|1039.3529|1039.6541|R_Astrodon_2018|2459110.215775463|180.0|21.3891|3.5163|48.4246|1.3446
252|2020-09-17|17:13:58|BL-Lacertae-20200917@171358-R_Astrodon_2018_calib.fits|BL-Lacertae|22 02 43.30|+42 16 40.0|330.6804|42.2778|1040.9009|1041.2770|R_Astrodon_2018|2459110.2180324076|180.0|21.4204|3.3024|47.8350|1.3572
253|2020-09-17|17:17:13|BL-Lacertae-20200917@171712-R_Astrodon_2018_calib.fits|BL-Lacertae|22 02 43.30|+42 16 40.0|330.6804|42.2778|1040.7570|1042.5059|R_Astrodon_2018|2459110.220289352|180.0|21.3523|3.5411|47.2439|1.3702
254|2020-09-17|17:20:28|BL-Lacertae-20200917@172027-R_Astrodon_2018_calib.fits|BL-Lacertae|22 02 43.30|+42 16 40.0|330.6804|42.2778|1042.0968|1044.0383|R_Astrodon_2018|2459110.222546296|180.0|21.4313|3.5167|46.6515|1.3836
255|2020-09-17|17:23:42|BL-Lacertae-20200917@172341-R_Astrodon_2018_calib.fits|BL-Lacertae|22 02 43.30|+42 16 40.0|330.6804|42.2778|1042.4514|1045.3135|R_Astrodon_2018|2459110.2247916665|180.0|21.4679|3.2304|46.0608|1.3975
256|2020-09-17|17:26:57|BL-Lacertae-20200917@172656-R_Astrodon_2018_calib.fits|BL-Lacertae|22 02 43.30|+42 16 40.0|330.6804|42.2778|1043.4934|1046.8535|R_Astrodon_2018|2459110.2270486113|180.0|21.4763|3.2650|45.4660|1.4118
257|2020-09-17|17:30:11|BL-Lacertae-20200917@173010-R_Astrodon_2018_calib.fits|BL-Lacertae|22 02 43.30|+42 16 40.0|330.6804|42.2778|1043.9853|1048.1566|R_Astrodon_2018|2459110.2292939816|180.0|21.4802|2.9694|44.8732|1.4266
258|2020-09-17|17:33:26|BL-Lacertae-20200917@173325-R_Astrodon_2018_calib.fits|BL-Lacertae|22 02 43.30|+42 16 40.0|330.6804|42.2778|1044.8997|1049.4459|R_Astrodon_2018|2459110.231550926|180.0|21.4857|2.9550|44.2763|1.4419
259|2020-09-17|17:36:40|BL-Lacertae-20200917@173639-R_Astrodon_2018_calib.fits|BL-Lacertae|22 02 43.30|+42 16 40.0|330.6804|42.2778|1045.2966|1050.8511|R_Astrodon_2018|2459110.233796296|180.0|21.4992|2.9389|43.6817|1.4577
260|2020-09-17|17:39:55|BL-Lacertae-20200917@173954-R_Astrodon_2018_calib.fits|BL-Lacertae|22 02 43.30|+42 16 40.0|330.6804|42.2778|1046.1372|1052.5950|R_Astrodon_2018|2459110.236053241|180.0|21.4941|2.9817|43.0831|1.4741
261|2020-09-17|17:43:20|BL-Lacertae-20200917@174320-R_Astrodon_2018_calib.fits|BL-Lacertae|22 02 43.30|+42 16 40.0|330.6804|42.2778|1046.8649|1054.4409|R_Astrodon_2018|2459110.238425926|180.0|21.4932|2.3918|42.4531|1.4918
262|2020-09-17|17:46:35|BL-Lacertae-20200917@174634-R_Astrodon_2018_calib.fits|BL-Lacertae|22 02 43.30|+42 16 40.0|330.6804|42.2778|1047.0330|1055.7674|R_Astrodon_2018|2459110.24068287|180.0|21.4960|2.7876|41.8531|1.5093
263|2020-09-17|17:49:50|BL-Lacertae-20200917@174949-R_Astrodon_2018_calib.fits|BL-Lacertae|22 02 43.30|+42 16 40.0|330.6804|42.2778|1047.5975|1057.3248|R_Astrodon_2018|2459110.242939815|180.0|21.4880|2.6615|41.2526|1.5274
264|2020-09-17|17:53:04|BL-Lacertae-20200917@175304-R_Astrodon_2018_calib.fits|BL-Lacertae|22 02 43.30|+42 16 40.0|330.6804|42.2778|1048.0709|1058.7534|R_Astrodon_2018|2459110.245185185|180.0|21.4928|2.9461|40.6546|1.5462
265|2020-09-17|17:56:19|BL-Lacertae-20200917@175619-R_Astrodon_2018_calib.fits|BL-Lacertae|22 02 43.30|+42 16 40.0|330.6804|42.2778|1048.1475|1060.3571|R_Astrodon_2018|2459110.2474421295|180.0|21.4885|2.4561|40.0532|1.5655
266|2020-09-17|17:59:34|BL-Lacertae-20200917@175933-R_Astrodon_2018_calib.fits|BL-Lacertae|22 02 43.30|+42 16 40.0|330.6804|42.2778|1049.0301|1062.0339|R_Astrodon_2018|2459110.249699074|180.0|21.4796|2.5080|39.4513|1.5856
267|2020-09-17|18:02:49|BL-Lacertae-20200917@180248-R_Astrodon_2018_calib.fits|BL-Lacertae|22 02 43.30|+42 16 40.0|330.6804|42.2778|1049.4418|1063.4140|R_Astrodon_2018|2459110.2519560186|180.0|21.4778|2.5572|38.8491|1.6064
268|2020-09-17|18:06:04|BL-Lacertae-20200917@180603-R_Astrodon_2018_calib.fits|BL-Lacertae|22 02 43.30|+42 16 40.0|330.6804|42.2778|1050.6475|1064.8480|R_Astrodon_2018|2459110.254212963|180.0|21.4734|2.5167|38.2467|1.6278
269|2020-09-17|18:09:18|BL-Lacertae-20200917@180918-R_Astrodon_2018_calib.fits|BL-Lacertae|22 02 43.30|+42 16 40.0|330.6804|42.2778|1051.1619|1065.9974|R_Astrodon_2018|2459110.256458333|180.0|21.4671|2.4428|37.6472|1.6501
270|2020-09-17|18:12:33|BL-Lacertae-20200917@181232-R_Astrodon_2018_calib.fits|BL-Lacertae|22 02 43.30|+42 16 40.0|330.6804|42.2778|1052.0376|1067.7877|R_Astrodon_2018|2459110.258715278|180.0|21.4685|2.6045|37.0445|1.6732
271|2020-09-17|18:15:48|BL-Lacertae-20200917@181547-R_Astrodon_2018_calib.fits|BL-Lacertae|22 02 43.30|+42 16 40.0|330.6804|42.2778|1052.6089|1069.8287|R_Astrodon_2018|2459110.2609722223|180.0|21.4629|2.5234|36.4417|1.6971
272|2020-09-17|18:19:02|BL-Lacertae-20200917@181902-R_Astrodon_2018_calib.fits|BL-Lacertae|22 02 43.30|+42 16 40.0|330.6804|42.2778|1053.5945|1070.9689|R_Astrodon_2018|2459110.2632175926|180.0|21.4629|2.5897|35.8420|1.7218
273|2020-09-17|18:22:17|BL-Lacertae-20200917@182216-R_Astrodon_2018_calib.fits|BL-Lacertae|22 02 43.30|+42 16 40.0|330.6804|42.2778|1054.2442|1072.7535|R_Astrodon_2018|2459110.265474537|180.0|21.4530|2.5720|35.2392|1.7475
274|2020-09-17|18:25:31|BL-Lacertae-20200917@182530-R_Astrodon_2018_calib.fits|BL-Lacertae|22 02 43.30|+42 16 40.0|330.6804|42.2778|1054.7717|1074.0259|R_Astrodon_2018|2459110.267719907|180.0|21.4606|2.6780|34.6397|1.7742
275|2020-09-17|18:28:46|BL-Lacertae-20200917@182845-R_Astrodon_2018_calib.fits|BL-Lacertae|22 02 43.30|+42 16 40.0|330.6804|42.2778|1055.8809|1075.4057|R_Astrodon_2018|2459110.269976852|180.0|21.4574|2.8642|34.0371|1.8019
276|2020-09-17|18:32:01|BL-Lacertae-20200917@183200-R_Astrodon_2018_calib.fits|BL-Lacertae|22 02 43.30|+42 16 40.0|330.6804|42.2778|1057.1253|1077.0747|R_Astrodon_2018|2459110.2722337963|180.0|21.4537|2.4894|33.4348|1.8307
277|2020-09-17|18:35:16|BL-Lacertae-20200917@183515-R_Astrodon_2018_calib.fits|BL-Lacertae|22 02 43.30|+42 16 40.0|330.6804|42.2778|1058.0355|1078.5824|R_Astrodon_2018|2459110.2744907406|180.0|21.4538|2.5327|32.8327|1.8606
278|2020-09-17|18:38:30|BL-Lacertae-20200917@183830-R_Astrodon_2018_calib.fits|BL-Lacertae|22 02 43.30|+42 16 40.0|330.6804|42.2778|1059.0532|1080.7134|R_Astrodon_2018|2459110.276736111|180.0|21.4594|2.5967|32.2341|1.8917
279|2020-09-17|18:41:45|BL-Lacertae-20200917@184144-R_Astrodon_2018_calib.fits|BL-Lacertae|22 02 43.30|+42 16 40.0|330.6804|42.2778|1060.2776|1081.9920|R_Astrodon_2018|2459110.2789930557|180.0|21.4545|2.6597|31.6326|1.9240
280|2020-09-17|18:45:00|BL-Lacertae-20200917@184459-R_Astrodon_2018_calib.fits|BL-Lacertae|22 02 43.30|+42 16 40.0|330.6804|42.2778|1061.0157|1083.3441|R_Astrodon_2018|2459110.28125|180.0|21.4462|2.7176|31.0316|1.9575
281|2020-09-17|18:48:14|BL-Lacertae-20200917@184813-R_Astrodon_2018_calib.fits|BL-Lacertae|22 02 43.30|+42 16 40.0|330.6804|42.2778|1062.5638|1084.1719|R_Astrodon_2018|2459110.2834953703|180.0|21.4446|2.8810|30.4341|1.9925
282|2020-09-17|18:51:29|BL-Lacertae-20200917@185128-R_Astrodon_2018_calib.fits|BL-Lacertae|22 02 43.30|+42 16 40.0|330.6804|42.2778|1063.8969|1085.6943|R_Astrodon_2018|2459110.2857523146|180.0|21.4304|2.7327|29.8340|2.0289
283|2020-09-17|18:54:43|BL-Lacertae-20200917@185443-R_Astrodon_2018_calib.fits|BL-Lacertae|22 02 43.30|+42 16 40.0|330.6804|42.2778|1064.8869|1087.2693|R_Astrodon_2018|2459110.2879976854|180.0|21.4170|2.7366|29.2375|2.0670
284|2020-09-17|18:57:58|BL-Lacertae-20200917@185758-R_Astrodon_2018_calib.fits|BL-Lacertae|22 02 43.30|+42 16 40.0|330.6804|42.2778|1065.5392|1088.0326|R_Astrodon_2018|2459110.2902546297|180.0|21.3571|2.7814|28.6385|2.1066
285|2020-09-17|19:01:13|BL-Lacertae-20200917@190112-R_Astrodon_2018_calib.fits|BL-Lacertae|22 02 43.30|+42 16 40.0|330.6804|42.2778|1066.5721|1089.6686|R_Astrodon_2018|2459110.292511574|180.0|21.2871|2.9082|28.0401|2.1480
286|2020-09-17|19:04:27|BL-Lacertae-20200917@190426-R_Astrodon_2018_calib.fits|BL-Lacertae|22 02 43.30|+42 16 40.0|330.6804|42.2778|1068.0060|1091.0408|R_Astrodon_2018|2459110.2947569443|180.0|21.3298|3.3078|27.4455|2.1910
287|2020-09-18|18:19:35|BL-Lacertae-20200918@181934-R_Astrodon_2018_calib.fits|BL-Lacertae|22 02 43.30|+42 16 40.0|330.6804|42.2778|977.4976|1019.1858|R_Astrodon_2018|2459111.263599537|180.0|21.3325|3.1635|35.0108|1.7568
288|2020-09-18|18:22:50|BL-Lacertae-20200918@182250-R_Astrodon_2018_calib.fits|BL-Lacertae|22 02 43.30|+42 16 40.0|330.6804|42.2778|977.8369|1020.6811|R_Astrodon_2018|2459111.2658564816|180.0|21.3351|3.1402|34.4082|1.7838
289|2020-09-18|18:26:05|BL-Lacertae-20200918@182605-R_Astrodon_2018_calib.fits|BL-Lacertae|22 02 43.30|+42 16 40.0|330.6804|42.2778|978.4184|1022.5070|R_Astrodon_2018|2459111.268113426|180.0|21.3512|3.0952|33.8057|1.8119
290|2020-09-18|18:29:20|BL-Lacertae-20200918@182919-R_Astrodon_2018_calib.fits|BL-Lacertae|22 02 43.30|+42 16 40.0|330.6804|42.2778|979.0753|1023.8030|R_Astrodon_2018|2459111.2703703702|180.0|21.3680|3.0201|33.2035|1.8411
291|2020-09-18|18:32:35|BL-Lacertae-20200918@183234-R_Astrodon_2018_calib.fits|BL-Lacertae|22 02 43.30|+42 16 40.0|330.6804|42.2778|980.1669|1025.0213|R_Astrodon_2018|2459111.272627315|180.0|21.3895|3.0874|32.6015|1.8713
292|2020-09-18|18:35:49|BL-Lacertae-20200918@183548-R_Astrodon_2018_calib.fits|BL-Lacertae|22 02 43.30|+42 16 40.0|330.6804|42.2778|980.9953|1026.5382|R_Astrodon_2018|2459111.2748726853|180.0|21.3840|3.2900|32.0030|1.9028
293|2020-09-18|18:39:03|BL-Lacertae-20200918@183903-R_Astrodon_2018_calib.fits|BL-Lacertae|22 02 43.30|+42 16 40.0|330.6804|42.2778|981.4956|1027.2677|R_Astrodon_2018|2459111.2771180556|180.0|21.3217|3.5496|31.4048|1.9354
294|2020-09-18|18:42:18|BL-Lacertae-20200918@184217-R_Astrodon_2018_calib.fits|BL-Lacertae|22 02 43.30|+42 16 40.0|330.6804|42.2778|982.8570|1029.4590|R_Astrodon_2018|2459111.279375|180.0|21.2926|3.3087|30.8039|1.9695
295|2020-09-18|18:45:33|BL-Lacertae-20200918@184532-R_Astrodon_2018_calib.fits|BL-Lacertae|22 02 43.30|+42 16 40.0|330.6804|42.2778|983.4184|1030.6628|R_Astrodon_2018|2459111.2816319442|180.0|20.9087|3.4007|30.2035|2.0051
296|2020-09-18|18:48:47|BL-Lacertae-20200918@184847-R_Astrodon_2018_calib.fits|BL-Lacertae|22 02 43.30|+42 16 40.0|330.6804|42.2778|984.7421|1031.8492|R_Astrodon_2018|2459111.283877315|180.0|20.5154|3.3702|29.6067|2.0420
297|2020-09-18|18:52:02|BL-Lacertae-20200918@185201-R_Astrodon_2018_calib.fits|BL-Lacertae|22 02 43.30|+42 16 40.0|330.6804|42.2778|985.7994|1033.2844|R_Astrodon_2018|2459111.2861342593|180.0|20.6743|3.5402|29.0073|2.0805
298|2020-09-18|18:55:16|BL-Lacertae-20200918@185515-R_Astrodon_2018_calib.fits|BL-Lacertae|22 02 43.30|+42 16 40.0|330.6804|42.2778|986.9874|1035.3645|R_Astrodon_2018|2459111.2883796296|180.0|20.8739|3.2810|28.4116|2.1206
299|2020-09-20|15:58:08|BL-Lacertae-20200920@155803-R_Astrodon_2018_calib.fits|BL-Lacertae|22 02 43.30|+42 16 40.0|330.6804|42.2778|1015.9740|866.1628|R_Astrodon_2018|2459113.1653703703|180.0|21.5259|2.6406|59.0111|1.1715
300|2020-09-20|16:01:23|BL-Lacertae-20200920@160123-R_Astrodon_2018_calib.fits|BL-Lacertae|22 02 43.30|+42 16 40.0|330.6804|42.2778|1016.5029|866.8481|R_Astrodon_2018|2459113.167627315|180.0|21.5155|2.6828|58.4760|1.1783
301|2020-09-20|16:04:48|BL-Lacertae-20200920@160448-R_Astrodon_2018_calib.fits|BL-Lacertae|22 02 43.30|+42 16 40.0|330.6804|42.2778|1017.1206|867.1572|R_Astrodon_2018|2459113.17|180.0|21.5175|2.6946|57.9085|1.1857
302|2020-09-20|16:08:02|BL-Lacertae-20200920@160801-R_Astrodon_2018_calib.fits|BL-Lacertae|22 02 43.30|+42 16 40.0|330.6804|42.2778|1017.5898|867.2083|R_Astrodon_2018|2459113.17224537|180.0|21.5115|2.6630|57.3668|1.1929
303|2020-09-20|16:11:16|BL-Lacertae-20200920@161115-R_Astrodon_2018_calib.fits|BL-Lacertae|22 02 43.30|+42 16 40.0|330.6804|42.2778|1018.3195|867.3615|R_Astrodon_2018|2459113.1744907405|180.0|21.5145|2.7376|56.8210|1.2004
304|2020-09-20|16:14:30|BL-Lacertae-20200920@161429-R_Astrodon_2018_calib.fits|BL-Lacertae|22 02 43.30|+42 16 40.0|330.6804|42.2778|1018.9501|867.8899|R_Astrodon_2018|2459113.1767361113|180.0|21.5155|2.7341|56.2713|1.2082
305|2020-09-20|16:17:57|BL-Lacertae-20200920@161756-R_Astrodon_2018_calib.fits|BL-Lacertae|22 02 43.30|+42 16 40.0|330.6804|42.2778|1019.4047|868.2674|R_Astrodon_2018|2459113.1791319447|180.0|21.5199|2.8219|55.6807|1.2168
306|2020-09-20|16:21:11|BL-Lacertae-20200920@162110-R_Astrodon_2018_calib.fits|BL-Lacertae|22 02 43.30|+42 16 40.0|330.6804|42.2778|1020.1326|868.7746|R_Astrodon_2018|2459113.181377315|180.0|21.5172|2.9079|55.1236|1.2251
307|2020-09-20|16:24:25|BL-Lacertae-20200920@162424-R_Astrodon_2018_calib.fits|BL-Lacertae|22 02 43.30|+42 16 40.0|330.6804|42.2778|1020.7023|869.3334|R_Astrodon_2018|2459113.1836226853|180.0|21.5234|2.7712|54.5632|1.2337
308|2020-09-20|16:27:38|BL-Lacertae-20200920@162738-R_Astrodon_2018_calib.fits|BL-Lacertae|22 02 43.30|+42 16 40.0|330.6804|42.2778|1020.7554|870.1538|R_Astrodon_2018|2459113.1858564815|180.0|21.5131|2.7014|54.0027|1.2426
309|2020-09-20|16:31:05|BL-Lacertae-20200920@163104-R_Astrodon_2018_calib.fits|BL-Lacertae|22 02 43.30|+42 16 40.0|330.6804|42.2778|1021.7035|870.8434|R_Astrodon_2018|2459113.188252315|180.0|21.5154|2.9227|53.3983|1.2523
310|2020-09-20|16:34:19|BL-Lacertae-20200920@163418-R_Astrodon_2018_calib.fits|BL-Lacertae|22 02 43.30|+42 16 40.0|330.6804|42.2778|1022.1983|871.7790|R_Astrodon_2018|2459113.190497685|180.0|21.5167|2.6892|52.8291|1.2618
311|2020-09-20|16:37:33|BL-Lacertae-20200920@163732-R_Astrodon_2018_calib.fits|BL-Lacertae|22 02 43.30|+42 16 40.0|330.6804|42.2778|1022.7025|872.8313|R_Astrodon_2018|2459113.1927430555|180.0|21.5176|2.6637|52.2574|1.2717
312|2020-09-20|16:40:47|BL-Lacertae-20200920@164047-R_Astrodon_2018_calib.fits|BL-Lacertae|22 02 43.30|+42 16 40.0|330.6804|42.2778|1023.0955|874.0807|R_Astrodon_2018|2459113.194988426|180.0|21.5131|2.6446|51.6832|1.2819
313|2020-09-20|16:44:02|BL-Lacertae-20200920@164401-R_Astrodon_2018_calib.fits|BL-Lacertae|22 02 43.30|+42 16 40.0|330.6804|42.2778|1023.6485|875.1551|R_Astrodon_2018|2459113.1972453706|180.0|21.5176|2.8198|51.1038|1.2923
314|2020-09-20|16:47:16|BL-Lacertae-20200920@164715-R_Astrodon_2018_calib.fits|BL-Lacertae|22 02 43.30|+42 16 40.0|330.6804|42.2778|1024.2125|876.2160|R_Astrodon_2018|2459113.199490741|180.0|21.5121|2.6557|50.5253|1.3032
315|2020-09-20|16:50:29|BL-Lacertae-20200920@165029-R_Astrodon_2018_calib.fits|BL-Lacertae|22 02 43.30|+42 16 40.0|330.6804|42.2778|1024.3374|877.2207|R_Astrodon_2018|2459113.201724537|180.0|21.5202|2.6698|49.9478|1.3143
316|2020-09-20|16:53:43|BL-Lacertae-20200920@165342-R_Astrodon_2018_calib.fits|BL-Lacertae|22 02 43.30|+42 16 40.0|330.6804|42.2778|1024.8531|878.6612|R_Astrodon_2018|2459113.2039699075|180.0|21.5082|2.7548|49.3655|1.3259
317|2020-09-20|16:57:08|BL-Lacertae-20200920@165708-R_Astrodon_2018_calib.fits|BL-Lacertae|22 02 43.30|+42 16 40.0|330.6804|42.2778|1025.2370|880.2770|R_Astrodon_2018|2459113.2063425924|180.0|21.5084|2.5569|48.7483|1.3385
318|2020-09-20|17:00:23|BL-Lacertae-20200920@170022-R_Astrodon_2018_calib.fits|BL-Lacertae|22 02 43.30|+42 16 40.0|330.6804|42.2778|1025.4139|881.5462|R_Astrodon_2018|2459113.208599537|180.0|21.5035|2.6343|48.1595|1.3509
319|2020-09-20|17:03:37|BL-Lacertae-20200920@170336-R_Astrodon_2018_calib.fits|BL-Lacertae|22 02 43.30|+42 16 40.0|330.6804|42.2778|1025.7634|882.4486|R_Astrodon_2018|2459113.2108449074|180.0|21.5079|2.9443|47.5722|1.3636
320|2020-09-20|17:06:51|BL-Lacertae-20200920@170650-R_Astrodon_2018_calib.fits|BL-Lacertae|22 02 43.30|+42 16 40.0|330.6804|42.2778|1026.2250|883.7461|R_Astrodon_2018|2459113.2130902777|180.0|21.5149|2.8770|46.9836|1.3768
321|2020-09-20|17:10:05|BL-Lacertae-20200920@171004-R_Astrodon_2018_calib.fits|BL-Lacertae|22 02 43.30|+42 16 40.0|330.6804|42.2778|1026.6558|885.6705|R_Astrodon_2018|2459113.215335648|180.0|21.5098|2.7726|46.3937|1.3903
322|2020-09-20|17:13:19|BL-Lacertae-20200920@171318-R_Astrodon_2018_calib.fits|BL-Lacertae|22 02 43.30|+42 16 40.0|330.6804|42.2778|1027.3163|887.4477|R_Astrodon_2018|2459113.2175810183|180.0|21.5029|2.7612|45.8025|1.4044
323|2020-09-20|17:16:32|BL-Lacertae-20200920@171632-R_Astrodon_2018_calib.fits|BL-Lacertae|22 02 43.30|+42 16 40.0|330.6804|42.2778|1027.8010|888.9452|R_Astrodon_2018|2459113.2198148146|180.0|21.5089|3.0550|45.2133|1.4189
324|2020-09-20|17:19:47|BL-Lacertae-20200920@171946-R_Astrodon_2018_calib.fits|BL-Lacertae|22 02 43.30|+42 16 40.0|330.6804|42.2778|1028.4662|890.6416|R_Astrodon_2018|2459113.2220717594|180.0|21.5006|2.6458|44.6170|1.4338
325|2020-09-20|17:23:00|BL-Lacertae-20200920@172300-R_Astrodon_2018_calib.fits|BL-Lacertae|22 02 43.30|+42 16 40.0|330.6804|42.2778|1029.1394|891.9658|R_Astrodon_2018|2459113.2243055557|180.0|21.5032|2.8469|44.0259|1.4493
326|2020-09-20|17:26:14|BL-Lacertae-20200920@172614-R_Astrodon_2018_calib.fits|BL-Lacertae|22 02 43.30|+42 16 40.0|330.6804|42.2778|1029.8043|893.8913|R_Astrodon_2018|2459113.226550926|180.0|21.5032|2.7656|43.4309|1.4653
327|2020-09-20|17:29:28|BL-Lacertae-20200920@172927-R_Astrodon_2018_calib.fits|BL-Lacertae|22 02 43.30|+42 16 40.0|330.6804|42.2778|1030.1225|895.7658|R_Astrodon_2018|2459113.2287962963|180.0|21.5018|2.6364|42.8351|1.4818
328|2020-09-20|17:32:42|BL-Lacertae-20200920@173241-R_Astrodon_2018_calib.fits|BL-Lacertae|22 02 43.30|+42 16 40.0|330.6804|42.2778|1030.7770|897.3066|R_Astrodon_2018|2459113.2310416666|180.0|21.4927|2.6999|42.2386|1.4989
329|2020-09-20|17:35:56|BL-Lacertae-20200920@173555-R_Astrodon_2018_calib.fits|BL-Lacertae|22 02 43.30|+42 16 40.0|330.6804|42.2778|1031.3267|899.0041|R_Astrodon_2018|2459113.233287037|180.0|21.4971|2.7634|41.6415|1.5166
330|2020-09-20|17:39:10|BL-Lacertae-20200920@173909-R_Astrodon_2018_calib.fits|BL-Lacertae|22 02 43.30|+42 16 40.0|330.6804|42.2778|1032.0402|900.7528|R_Astrodon_2018|2459113.235532407|180.0|21.4939|2.7554|41.0439|1.5348
331|2020-09-20|17:42:24|BL-Lacertae-20200920@174223-R_Astrodon_2018_calib.fits|BL-Lacertae|22 02 43.30|+42 16 40.0|330.6804|42.2778|1032.9424|902.3548|R_Astrodon_2018|2459113.237777778|180.0|21.4904|2.7950|40.4458|1.5538
332|2020-09-20|17:45:38|BL-Lacertae-20200920@174538-R_Astrodon_2018_calib.fits|BL-Lacertae|22 02 43.30|+42 16 40.0|330.6804|42.2778|1033.7688|903.9402|R_Astrodon_2018|2459113.2400231482|180.0|21.4983|2.8109|39.8472|1.5734
333|2020-09-20|17:48:53|BL-Lacertae-20200920@174852-R_Astrodon_2018_calib.fits|BL-Lacertae|22 02 43.30|+42 16 40.0|330.6804|42.2778|1034.4809|905.7036|R_Astrodon_2018|2459113.2422800926|180.0|21.4892|2.7271|39.2453|1.5937
334|2020-09-20|17:52:07|BL-Lacertae-20200920@175206-R_Astrodon_2018_calib.fits|BL-Lacertae|22 02 43.30|+42 16 40.0|330.6804|42.2778|1035.1537|907.2713|R_Astrodon_2018|2459113.244525463|180.0|21.4936|2.8026|38.6461|1.6146
335|2020-09-20|17:55:21|BL-Lacertae-20200920@175520-R_Astrodon_2018_calib.fits|BL-Lacertae|22 02 43.30|+42 16 40.0|330.6804|42.2778|1035.8079|908.9370|R_Astrodon_2018|2459113.246770833|180.0|21.4954|2.7982|38.0467|1.6363
336|2020-09-20|17:58:35|BL-Lacertae-20200920@175834-R_Astrodon_2018_calib.fits|BL-Lacertae|22 02 43.30|+42 16 40.0|330.6804|42.2778|1036.6289|910.5346|R_Astrodon_2018|2459113.249016204|180.0|21.4920|2.7388|37.4472|1.6589
337|2020-09-20|18:01:49|BL-Lacertae-20200920@180149-R_Astrodon_2018_calib.fits|BL-Lacertae|22 02 43.30|+42 16 40.0|330.6804|42.2778|1037.3890|912.4172|R_Astrodon_2018|2459113.251261574|180.0|21.4824|2.7506|36.8475|1.6821
338|2020-09-20|18:05:04|BL-Lacertae-20200920@180503-R_Astrodon_2018_calib.fits|BL-Lacertae|22 02 43.30|+42 16 40.0|330.6804|42.2778|1037.9687|914.4669|R_Astrodon_2018|2459113.2535185185|180.0|21.4827|2.7357|36.2447|1.7063
339|2020-09-20|18:08:18|BL-Lacertae-20200920@180817-R_Astrodon_2018_calib.fits|BL-Lacertae|22 02 43.30|+42 16 40.0|330.6804|42.2778|1038.3915|916.3184|R_Astrodon_2018|2459113.255763889|180.0|21.4802|2.6518|35.6450|1.7315
340|2020-09-20|18:11:33|BL-Lacertae-20200920@181133-R_Astrodon_2018_calib.fits|BL-Lacertae|22 02 43.30|+42 16 40.0|330.6804|42.2778|1038.9576|918.2674|R_Astrodon_2018|2459113.258020833|180.0|21.4747|2.6868|35.0423|1.7576
341|2020-09-20|18:14:48|BL-Lacertae-20200920@181447-R_Astrodon_2018_calib.fits|BL-Lacertae|22 02 43.30|+42 16 40.0|330.6804|42.2778|1039.7250|919.9469|R_Astrodon_2018|2459113.260277778|180.0|21.4701|2.6970|34.4396|1.7845
342|2020-09-20|18:18:02|BL-Lacertae-20200920@181801-R_Astrodon_2018_calib.fits|BL-Lacertae|22 02 43.30|+42 16 40.0|330.6804|42.2778|1040.3318|921.4396|R_Astrodon_2018|2459113.262523148|180.0|21.4696|2.9041|33.8403|1.8126
343|2020-09-20|18:21:16|BL-Lacertae-20200920@182115-R_Astrodon_2018_calib.fits|BL-Lacertae|22 02 43.30|+42 16 40.0|330.6804|42.2778|1041.3444|923.1558|R_Astrodon_2018|2459113.2647685185|180.0|21.4683|2.9081|33.2411|1.8418
344|2020-09-20|18:24:31|BL-Lacertae-20200920@182430-R_Astrodon_2018_calib.fits|BL-Lacertae|22 02 43.30|+42 16 40.0|330.6804|42.2778|1042.2345|924.5853|R_Astrodon_2018|2459113.267025463|180.0|21.4615|2.8959|32.6391|1.8720
345|2020-09-20|18:27:45|BL-Lacertae-20200920@182745-R_Astrodon_2018_calib.fits|BL-Lacertae|22 02 43.30|+42 16 40.0|330.6804|42.2778|1042.9922|925.9732|R_Astrodon_2018|2459113.269270833|180.0|21.4593|2.9349|32.0405|1.9036
346|2020-09-20|18:31:00|BL-Lacertae-20200920@183059-R_Astrodon_2018_calib.fits|BL-Lacertae|22 02 43.30|+42 16 40.0|330.6804|42.2778|1043.8112|927.7639|R_Astrodon_2018|2459113.271527778|180.0|21.4584|3.0082|31.4392|1.9363
347|2020-09-20|18:34:14|BL-Lacertae-20200920@183413-R_Astrodon_2018_calib.fits|BL-Lacertae|22 02 43.30|+42 16 40.0|330.6804|42.2778|1044.7604|929.4118|R_Astrodon_2018|2459113.273773148|180.0|21.4533|3.0678|30.8414|1.9703
348|2020-09-20|18:37:28|BL-Lacertae-20200920@183728-R_Astrodon_2018_calib.fits|BL-Lacertae|22 02 43.30|+42 16 40.0|330.6804|42.2778|1045.8022|931.0380|R_Astrodon_2018|2459113.2760185185|180.0|21.4574|3.1402|30.2441|2.0059
349|2020-09-21|16:02:35|BL-Lacertae-20200921@160230-R_Astrodon_2018_calib.fits|BL-Lacertae|22 02 43.30|+42 16 40.0|330.6804|42.2778|931.6633|996.6401|R_Astrodon_2018|2459114.168460648|180.0|21.4581|2.3003|57.6217|1.1891
350|2020-09-21|16:05:50|BL-Lacertae-20200921@160549-R_Astrodon_2018_calib.fits|BL-Lacertae|22 02 43.30|+42 16 40.0|330.6804|42.2778|932.5845|997.6463|R_Astrodon_2018|2459114.170717593|180.0|21.3724|2.4025|57.0750|1.1965
351|2020-09-21|16:09:04|BL-Lacertae-20200921@160904-R_Astrodon_2018_calib.fits|BL-Lacertae|22 02 43.30|+42 16 40.0|330.6804|42.2778|933.2626|998.6360|R_Astrodon_2018|2459114.172962963|180.0|21.3936|2.4323|56.5271|1.2041
352|2020-09-21|16:12:19|BL-Lacertae-20200921@161218-R_Astrodon_2018_calib.fits|BL-Lacertae|22 02 43.30|+42 16 40.0|330.6804|42.2778|933.8020|999.5435|R_Astrodon_2018|2459114.1752199074|180.0|21.3763|2.2951|55.9725|1.2121
353|2020-09-21|16:15:33|BL-Lacertae-20200921@161533-R_Astrodon_2018_calib.fits|BL-Lacertae|22 02 43.30|+42 16 40.0|330.6804|42.2778|934.3546|1000.5471|R_Astrodon_2018|2459114.1774652777|180.0|21.3568|2.3758|55.4172|1.2203
354|2020-09-21|16:18:48|BL-Lacertae-20200921@161848-R_Astrodon_2018_calib.fits|BL-Lacertae|22 02 43.30|+42 16 40.0|330.6804|42.2778|934.8749|1001.5067|R_Astrodon_2018|2459114.179722222|180.0|21.3739|2.3039|54.8556|1.2287
355|2020-09-21|16:22:14|BL-Lacertae-20200921@162214-R_Astrodon_2018_calib.fits|BL-Lacertae|22 02 43.30|+42 16 40.0|330.6804|42.2778|935.4573|1002.5560|R_Astrodon_2018|2459114.1821064814|180.0|21.3855|2.3469|54.2589|1.2380
356|2020-09-21|16:25:28|BL-Lacertae-20200921@162528-R_Astrodon_2018_calib.fits|BL-Lacertae|22 02 43.30|+42 16 40.0|330.6804|42.2778|936.1127|1003.5577|R_Astrodon_2018|2459114.1843518517|180.0|21.4103|2.2319|53.6939|1.2470
357|2020-09-21|16:28:43|BL-Lacertae-20200921@162842-R_Astrodon_2018_calib.fits|BL-Lacertae|22 02 43.30|+42 16 40.0|330.6804|42.2778|936.6401|1004.8197|R_Astrodon_2018|2459114.1866087965|180.0|21.3769|2.2629|53.1231|1.2564
358|2020-09-21|16:31:57|BL-Lacertae-20200921@163157-R_Astrodon_2018_calib.fits|BL-Lacertae|22 02 43.30|+42 16 40.0|330.6804|42.2778|937.2575|1006.1730|R_Astrodon_2018|2459114.188854167|180.0|21.3788|2.2842|52.5527|1.2660
359|2020-09-21|16:35:11|BL-Lacertae-20200921@163511-R_Astrodon_2018_calib.fits|BL-Lacertae|22 02 43.30|+42 16 40.0|330.6804|42.2778|937.9117|1007.4382|R_Astrodon_2018|2459114.191099537|180.0|21.3032|2.2504|51.9797|1.2760
360|2020-09-21|16:38:26|BL-Lacertae-20200921@163825-R_Astrodon_2018_calib.fits|BL-Lacertae|22 02 43.30|+42 16 40.0|330.6804|42.2778|938.5450|1008.6727|R_Astrodon_2018|2459114.1933564814|180.0|21.3484|2.4703|51.4015|1.2863
361|2020-09-21|16:41:40|BL-Lacertae-20200921@164139-R_Astrodon_2018_calib.fits|BL-Lacertae|22 02 43.30|+42 16 40.0|330.6804|42.2778|939.2476|1009.8262|R_Astrodon_2018|2459114.1956018517|180.0|21.3493|2.3970|50.8240|1.2969
362|2020-09-21|16:44:55|BL-Lacertae-20200921@164454-R_Astrodon_2018_calib.fits|BL-Lacertae|22 02 43.30|+42 16 40.0|330.6804|42.2778|939.8546|1011.2661|R_Astrodon_2018|2459114.1978587965|180.0|21.3368|2.4496|50.2416|1.3079
363|2020-09-21|16:48:21|BL-Lacertae-20200921@164821-R_Astrodon_2018_calib.fits|BL-Lacertae|22 02 43.30|+42 16 40.0|330.6804|42.2778|940.5575|1012.8715|R_Astrodon_2018|2459114.2002430554|180.0|21.3373|2.7013|49.6241|1.3200
364|2020-09-21|16:51:36|BL-Lacertae-20200921@165135-R_Astrodon_2018_calib.fits|BL-Lacertae|22 02 43.30|+42 16 40.0|330.6804|42.2778|941.1550|1014.1069|R_Astrodon_2018|2459114.2025|180.0|21.2806|2.5029|49.0378|1.3318
365|2020-09-21|16:54:50|BL-Lacertae-20200921@165450-R_Astrodon_2018_calib.fits|BL-Lacertae|22 02 43.30|+42 16 40.0|330.6804|42.2778|941.8342|1015.6102|R_Astrodon_2018|2459114.2047453704|180.0|21.3989|2.3745|48.4528|1.3439
366|2020-09-21|16:58:05|BL-Lacertae-20200921@165804-R_Astrodon_2018_calib.fits|BL-Lacertae|22 02 43.30|+42 16 40.0|330.6804|42.2778|942.5351|1017.0224|R_Astrodon_2018|2459114.2070023147|180.0|21.4601|2.3427|47.8633|1.3565
367|2020-09-21|17:01:20|BL-Lacertae-20200921@170119-R_Astrodon_2018_calib.fits|BL-Lacertae|22 02 43.30|+42 16 40.0|330.6804|42.2778|943.0313|1018.5092|R_Astrodon_2018|2459114.209259259|180.0|21.4770|2.3289|47.2723|1.3694
368|2020-09-21|17:04:34|BL-Lacertae-20200921@170434-R_Astrodon_2018_calib.fits|BL-Lacertae|22 02 43.30|+42 16 40.0|330.6804|42.2778|943.5870|1020.0977|R_Astrodon_2018|2459114.21150463|180.0|21.4695|2.3494|46.6830|1.3828
369|2020-09-21|17:07:49|BL-Lacertae-20200921@170748-R_Astrodon_2018_calib.fits|BL-Lacertae|22 02 43.30|+42 16 40.0|330.6804|42.2778|944.3161|1021.9032|R_Astrodon_2018|2459114.213761574|180.0|21.4658|2.4362|46.0894|1.3966
370|2020-09-21|17:11:03|BL-Lacertae-20200921@171103-R_Astrodon_2018_calib.fits|BL-Lacertae|22 02 43.30|+42 16 40.0|330.6804|42.2778|944.9829|1023.7073|R_Astrodon_2018|2459114.2160069444|180.0|21.4627|2.2572|45.4977|1.4109
371|2020-09-21|17:14:18|BL-Lacertae-20200921@171417-R_Astrodon_2018_calib.fits|BL-Lacertae|22 02 43.30|+42 16 40.0|330.6804|42.2778|945.4782|1025.3666|R_Astrodon_2018|2459114.2182638887|180.0|21.4610|2.2613|44.9018|1.4257
372|2020-09-21|17:17:32|BL-Lacertae-20200921@171732-R_Astrodon_2018_calib.fits|BL-Lacertae|22 02 43.30|+42 16 40.0|330.6804|42.2778|945.9521|1026.9431|R_Astrodon_2018|2459114.220509259|180.0|21.4654|2.1750|44.3081|1.4409
373|2020-09-21|17:20:47|BL-Lacertae-20200921@172046-R_Astrodon_2018_calib.fits|BL-Lacertae|22 02 43.30|+42 16 40.0|330.6804|42.2778|946.5115|1028.7300|R_Astrodon_2018|2459114.222766204|180.0|21.4539|2.2620|43.7104|1.4567
374|2020-09-21|17:24:01|BL-Lacertae-20200921@172401-R_Astrodon_2018_calib.fits|BL-Lacertae|22 02 43.30|+42 16 40.0|330.6804|42.2778|947.1569|1030.5392|R_Astrodon_2018|2459114.225011574|180.0|21.4565|2.2636|43.1150|1.4729
375|2020-09-21|17:27:28|BL-Lacertae-20200921@172727-R_Astrodon_2018_calib.fits|BL-Lacertae|22 02 43.30|+42 16 40.0|330.6804|42.2778|947.6767|1032.4130|R_Astrodon_2018|2459114.2274074075|180.0|21.4530|2.3049|42.4788|1.4908
376|2020-09-21|17:30:42|BL-Lacertae-20200921@173041-R_Astrodon_2018_calib.fits|BL-Lacertae|22 02 43.30|+42 16 40.0|330.6804|42.2778|948.2029|1034.1354|R_Astrodon_2018|2459114.229652778|180.0|21.4559|2.2226|41.8820|1.5082
377|2020-09-23|20:05:12|3C66A-20200923@200507-R_Astrodon_2018_calib.fits|3C66A|02 22 39.60|+43 02 08.0|35.6650|43.0356|1020.2306|1025.2609|R_Astrodon_2018|2459116.3369444446|180.0|21.6457|2.0453|58.7083|1.1716
378|2020-09-23|20:08:27|3C66A-20200923@200826-R_Astrodon_2018_calib.fits|3C66A|02 22 39.60|+43 02 08.0|35.6650|43.0356|1020.4726|1025.8206|R_Astrodon_2018|2459116.339201389|180.0|21.6470|1.9396|58.1857|1.1784
379|2020-09-23|19:57:12|AO0235+16-20200923@195707-R_Astrodon_2018_calib.fits|AO0235+16|02 38 38.90|+16 36 59.0|39.6621|16.6164|1019.3924|1023.0720|R_Astrodon_2018|2459116.331388889|180.0|21.7845|2.0992|66.7988|1.0922
380|2020-09-23|20:00:27|AO0235+16-20200923@200026-R_Astrodon_2018_calib.fits|AO0235+16|02 38 38.90|+16 36 59.0|39.6621|16.6164|1020.7448|1023.7257|R_Astrodon_2018|2459116.333645833|180.0|21.7910|2.0671|66.0691|1.0985
381|2020-09-23|14:00:49|BL-Lacertae-20200923@140044-R_Astrodon_2018_calib.fits|BL-Lacertae|22 02 43.30|+42 16 40.0|330.6804|42.2778|903.3666|1056.7048|R_Astrodon_2018|2459116.083900463|180.0|21.5153|2.4149|70.9946|1.0586
382|2020-09-23|14:04:04|BL-Lacertae-20200923@140403-R_Astrodon_2018_calib.fits|BL-Lacertae|22 02 43.30|+42 16 40.0|330.6804|42.2778|903.9710|1056.3280|R_Astrodon_2018|2459116.0861574076|180.0|21.5221|2.2659|70.8858|1.0594
383|2020-09-23|14:07:18|BL-Lacertae-20200923@140717-R_Astrodon_2018_calib.fits|BL-Lacertae|22 02 43.30|+42 16 40.0|330.6804|42.2778|903.6190|1055.2754|R_Astrodon_2018|2459116.088402778|180.0|21.5216|2.3514|70.7545|1.0604
384|2020-09-23|14:10:43|BL-Lacertae-20200923@141042-R_Astrodon_2018_calib.fits|BL-Lacertae|22 02 43.30|+42 16 40.0|330.6804|42.2778|904.6027|1054.1372|R_Astrodon_2018|2459116.090775463|180.0|21.5136|2.5665|70.5914|1.0615
385|2020-09-23|14:13:57|BL-Lacertae-20200923@141356-R_Astrodon_2018_calib.fits|BL-Lacertae|22 02 43.30|+42 16 40.0|330.6804|42.2778|905.9027|1052.7323|R_Astrodon_2018|2459116.0930208336|180.0|21.4979|2.5020|70.4144|1.0628
386|2020-09-23|14:17:11|BL-Lacertae-20200923@141710-R_Astrodon_2018_calib.fits|BL-Lacertae|22 02 43.30|+42 16 40.0|330.6804|42.2778|906.6498|1051.6707|R_Astrodon_2018|2459116.095266204|180.0|21.4832|2.4795|70.2161|1.0642
387|2020-09-23|14:20:26|BL-Lacertae-20200923@142025-R_Astrodon_2018_calib.fits|BL-Lacertae|22 02 43.30|+42 16 40.0|330.6804|42.2778|907.3724|1050.3140|R_Astrodon_2018|2459116.097523148|180.0|21.4923|2.4447|69.9959|1.0658
388|2020-09-23|14:23:52|BL-Lacertae-20200923@142352-R_Astrodon_2018_calib.fits|BL-Lacertae|22 02 43.30|+42 16 40.0|330.6804|42.2778|908.5469|1049.4355|R_Astrodon_2018|2459116.0999074075|180.0|21.5129|3.7034|69.7414|1.0676
389|2020-09-23|14:27:06|BL-Lacertae-20200923@142706-R_Astrodon_2018_calib.fits|BL-Lacertae|22 02 43.30|+42 16 40.0|330.6804|42.2778|909.0568|1048.8250|R_Astrodon_2018|2459116.102152778|180.0|21.5105|2.4029|69.4819|1.0695
390|2020-09-23|14:30:21|BL-Lacertae-20200923@143020-R_Astrodon_2018_calib.fits|BL-Lacertae|22 02 43.30|+42 16 40.0|330.6804|42.2778|909.5748|1047.6981|R_Astrodon_2018|2459116.104409722|180.0|21.5142|2.4704|69.2023|1.0716
391|2020-09-23|14:33:35|BL-Lacertae-20200923@143335-R_Astrodon_2018_calib.fits|BL-Lacertae|22 02 43.30|+42 16 40.0|330.6804|42.2778|910.6332|1046.6742|R_Astrodon_2018|2459116.1066550924|180.0|21.5189|2.5521|68.9065|1.0738
392|2020-09-23|14:37:02|BL-Lacertae-20200923@143702-R_Astrodon_2018_calib.fits|BL-Lacertae|22 02 43.30|+42 16 40.0|330.6804|42.2778|910.8982|1045.6392|R_Astrodon_2018|2459116.109050926|180.0|21.5164|2.3419|68.5720|1.0764
393|2020-09-23|14:40:17|BL-Lacertae-20200923@144016-R_Astrodon_2018_calib.fits|BL-Lacertae|22 02 43.30|+42 16 40.0|330.6804|42.2778|911.2822|1044.7235|R_Astrodon_2018|2459116.1113078706|180.0|21.5195|2.4032|68.2401|1.0789
394|2020-09-23|14:43:31|BL-Lacertae-20200923@144330-R_Astrodon_2018_calib.fits|BL-Lacertae|22 02 43.30|+42 16 40.0|330.6804|42.2778|911.7762|1044.0781|R_Astrodon_2018|2459116.113553241|180.0|21.5130|2.4367|67.8944|1.0817
395|2020-09-23|14:46:45|BL-Lacertae-20200923@144644-R_Astrodon_2018_calib.fits|BL-Lacertae|22 02 43.30|+42 16 40.0|330.6804|42.2778|912.0063|1043.3456|R_Astrodon_2018|2459116.115798611|180.0|21.5201|2.4254|67.5340|1.0846
396|2020-09-23|14:50:00|BL-Lacertae-20200923@144959-R_Astrodon_2018_calib.fits|BL-Lacertae|22 02 43.30|+42 16 40.0|330.6804|42.2778|912.5200|1042.9679|R_Astrodon_2018|2459116.1180555555|180.0|21.4909|2.4086|67.1576|1.0876
397|2020-09-23|14:53:24|BL-Lacertae-20200923@145324-R_Astrodon_2018_calib.fits|BL-Lacertae|22 02 43.30|+42 16 40.0|330.6804|42.2778|913.3665|1042.7841|R_Astrodon_2018|2459116.120416667|180.0|21.5077|2.2109|66.7495|1.0910
398|2020-09-23|14:56:38|BL-Lacertae-20200923@145637-R_Astrodon_2018_calib.fits|BL-Lacertae|22 02 43.30|+42 16 40.0|330.6804|42.2778|914.2797|1042.6600|R_Astrodon_2018|2459116.122662037|180.0|21.5152|2.1472|66.3485|1.0944
399|2020-09-23|14:59:52|BL-Lacertae-20200923@145952-R_Astrodon_2018_calib.fits|BL-Lacertae|22 02 43.30|+42 16 40.0|330.6804|42.2778|914.9278|1042.6613|R_Astrodon_2018|2459116.1249074074|180.0|21.5153|2.6483|65.9356|1.0980
400|2020-09-23|15:03:07|BL-Lacertae-20200923@150306-R_Astrodon_2018_calib.fits|BL-Lacertae|22 02 43.30|+42 16 40.0|330.6804|42.2778|915.5708|1042.5532|R_Astrodon_2018|2459116.1271643518|180.0|21.5130|2.3929|65.5091|1.1018
401|2020-09-23|15:06:34|BL-Lacertae-20200923@150634-R_Astrodon_2018_calib.fits|BL-Lacertae|22 02 43.30|+42 16 40.0|330.6804|42.2778|916.3790|1042.0929|R_Astrodon_2018|2459116.129560185|180.0|21.5109|2.1277|65.0447|1.1061
402|2020-09-23|15:09:48|BL-Lacertae-20200923@150948-R_Astrodon_2018_calib.fits|BL-Lacertae|22 02 43.30|+42 16 40.0|330.6804|42.2778|916.8823|1041.9533|R_Astrodon_2018|2459116.1318055554|180.0|21.5075|2.2728|64.5989|1.1102
403|2020-09-23|15:13:03|BL-Lacertae-20200923@151302-R_Astrodon_2018_calib.fits|BL-Lacertae|22 02 43.30|+42 16 40.0|330.6804|42.2778|917.3858|1041.9575|R_Astrodon_2018|2459116.1340625|180.0|21.5089|2.1100|64.1413|1.1146
404|2020-09-23|15:16:17|BL-Lacertae-20200923@151617-R_Astrodon_2018_calib.fits|BL-Lacertae|22 02 43.30|+42 16 40.0|330.6804|42.2778|918.1408|1042.1889|R_Astrodon_2018|2459116.1363078705|180.0|21.5122|2.0996|63.6770|1.1191
405|2020-09-23|15:19:32|BL-Lacertae-20200923@151931-R_Astrodon_2018_calib.fits|BL-Lacertae|22 02 43.30|+42 16 40.0|330.6804|42.2778|918.7497|1042.0319|R_Astrodon_2018|2459116.138564815|180.0|21.5063|2.0775|63.2017|1.1239
406|2020-09-23|15:22:56|BL-Lacertae-20200923@152256-R_Astrodon_2018_calib.fits|BL-Lacertae|22 02 43.30|+42 16 40.0|330.6804|42.2778|919.4575|1042.1244|R_Astrodon_2018|2459116.140925926|180.0|21.5097|2.1043|62.6958|1.1290
407|2020-09-23|15:26:11|BL-Lacertae-20200923@152610-R_Astrodon_2018_calib.fits|BL-Lacertae|22 02 43.30|+42 16 40.0|330.6804|42.2778|920.2026|1042.3896|R_Astrodon_2018|2459116.1431828705|180.0|21.5063|2.0917|62.2044|1.1342
408|2020-09-23|15:29:25|BL-Lacertae-20200923@152924-R_Astrodon_2018_calib.fits|BL-Lacertae|22 02 43.30|+42 16 40.0|330.6804|42.2778|920.8309|1042.8076|R_Astrodon_2018|2459116.1454282408|180.0|21.5073|2.0786|61.7084|1.1395
409|2020-09-23|15:32:39|BL-Lacertae-20200923@153239-R_Astrodon_2018_calib.fits|BL-Lacertae|22 02 43.30|+42 16 40.0|330.6804|42.2778|921.7009|1043.1932|R_Astrodon_2018|2459116.147673611|180.0|21.5036|2.0463|61.2057|1.1451
410|2020-09-23|15:36:06|BL-Lacertae-20200923@153606-R_Astrodon_2018_calib.fits|BL-Lacertae|22 02 43.30|+42 16 40.0|330.6804|42.2778|922.6035|1043.6480|R_Astrodon_2018|2459116.1500694444|180.0|21.5023|2.0936|60.6622|1.1513
411|2020-09-23|15:39:21|BL-Lacertae-20200923@153920-R_Astrodon_2018_calib.fits|BL-Lacertae|22 02 43.30|+42 16 40.0|330.6804|42.2778|923.1679|1044.0044|R_Astrodon_2018|2459116.1523263888|180.0|21.4999|1.9298|60.1441|1.1573
412|2020-09-23|15:42:35|BL-Lacertae-20200923@154234-R_Astrodon_2018_calib.fits|BL-Lacertae|22 02 43.30|+42 16 40.0|330.6804|42.2778|923.6529|1044.4262|R_Astrodon_2018|2459116.154571759|180.0|21.5051|2.0296|59.6229|1.1635
413|2020-09-23|15:45:49|BL-Lacertae-20200923@154549-R_Astrodon_2018_calib.fits|BL-Lacertae|22 02 43.30|+42 16 40.0|330.6804|42.2778|924.1420|1044.5795|R_Astrodon_2018|2459116.15681713|180.0|21.4983|2.0255|59.0964|1.1700
414|2020-09-23|15:49:17|BL-Lacertae-20200923@154916-R_Astrodon_2018_calib.fits|BL-Lacertae|22 02 43.30|+42 16 40.0|330.6804|42.2778|924.7520|1045.1179|R_Astrodon_2018|2459116.159224537|180.0|21.5012|2.0263|58.5264|1.1771
415|2020-09-23|15:52:31|BL-Lacertae-20200923@155231-R_Astrodon_2018_calib.fits|BL-Lacertae|22 02 43.30|+42 16 40.0|330.6804|42.2778|925.4789|1045.7638|R_Astrodon_2018|2459116.1614699075|180.0|21.5019|2.2440|57.9898|1.1841
416|2020-09-23|15:55:46|BL-Lacertae-20200923@155545-R_Astrodon_2018_calib.fits|BL-Lacertae|22 02 43.30|+42 16 40.0|330.6804|42.2778|926.0802|1046.1135|R_Astrodon_2018|2459116.163726852|180.0|21.5010|1.9936|57.4460|1.1913
417|2020-09-23|15:59:00|BL-Lacertae-20200923@155859-R_Astrodon_2018_calib.fits|BL-Lacertae|22 02 43.30|+42 16 40.0|330.6804|42.2778|926.5906|1046.5696|R_Astrodon_2018|2459116.165972222|180.0|21.4971|2.2500|56.9008|1.1987
418|2020-09-23|19:49:01|ES2344+514-20200923@194857-R_Astrodon_2018_calib.fits|ES2344+514|23 47 04.00|+51 42 18.0|356.7667|51.7050|1021.1436|1029.5346|R_Astrodon_2018|2459116.3257060186|180.0|21.6570|2.1967|33.8808|1.8030
419|2020-09-23|19:52:18|ES2344+514-20200923@195217-R_Astrodon_2018_calib.fits|ES2344+514|23 47 04.00|+51 42 18.0|356.7667|51.7050|1021.6283|1030.8910|R_Astrodon_2018|2459116.327986111|180.0|21.6476|2.1684|33.3720|1.8276
420|2020-09-23|20:21:36|OJ248-20200923@202131-R_Astrodon_2018_calib.fits|OJ248|08 30 52.10|+24 11 00.0|127.7171|24.1833|1020.6407|1020.3722|R_Astrodon_2018|2459116.348333333|180.0|21.1286|3.8272|37.0712|1.6371
421|2020-09-23|20:24:50|OJ248-20200923@202450-R_Astrodon_2018_calib.fits|OJ248|08 30 52.10|+24 11 00.0|127.7171|24.1833|1021.6806|1019.2016|R_Astrodon_2018|2459116.350578704|180.0|21.1500|3.0631|37.7947|1.6108
422|2020-09-23|20:28:24|OJ287-20200923@202824-R_Astrodon_2018_calib.fits|OJ287|08 54 48.90|+20 06 31.0|133.7037|20.1086|-865.3618|1098.5436|R_Astrodon_2018|2459116.3530555554|180.0|21.5598|2.2555|32.2431|1.8477
423|2020-09-23|20:31:58|OJ287-20200923@203158-R_Astrodon_2018_calib.fits|OJ287|08 54 48.90|+20 06 31.0|133.7037|20.1086|1050.6235|1031.2498|R_Astrodon_2018|2459116.3555324073|180.0|21.6040|2.2489|33.0517|1.8033
424|2020-09-23|20:13:58|PKS0735+17-20200923@201353-R_Astrodon_2018_calib.fits|PKS0735+17|07 38 07.40|+17 42 19.0|114.5308|17.7053|1015.1344|1026.6209|R_Astrodon_2018|2459116.3430324076|180.0|21.5634|2.2143|45.7847|1.3812
425|2020-09-23|20:17:12|PKS0735+17-20200923@201712-R_Astrodon_2018_calib.fits|PKS0735+17|07 38 07.40|+17 42 19.0|114.5308|17.7053|1015.6194|1024.7625|R_Astrodon_2018|2459116.345277778|180.0|21.5701|2.1830|46.5279|1.3643
426|2020-09-25|20:32:04|4C71-07-20200925@203203-R_Astrodon_2018_calib.fits|4C71-07|08 41 24.30|+70 53 42.0|130.3512|70.8950|1314.1648|896.4430|R_Astrodon_2018|2459118.355601852|180.0|21.5961|2.8142|32.8680|1.8320
427|2020-09-25|20:16:58|OJ49-20200925@201653-R_Astrodon_2018_calib.fits|OJ49|08 31 48.90|+04 29 39.0|127.9537|4.4942|1024.5815|1023.4901|R_Astrodon_2018|2459118.345115741|180.0|20.5015|3.2508|31.2948|1.8974
428|2020-09-25|20:20:12|OJ49-20200925@202011-R_Astrodon_2018_calib.fits|OJ49|08 31 48.90|+04 29 39.0|127.9537|4.4942|1025.4775|1021.3064|R_Astrodon_2018|2459118.347361111|180.0|20.6700|3.0649|32.0278|1.8591
429|2020-09-25|20:25:08|S5_0716+71-20200925@202503-R_Astrodon_2018_calib.fits|S5_0716+71|07 21 53.40|+71 20 36.0|110.4725|71.3433|1024.6596|1020.5959|R_Astrodon_2018|2459118.350787037|180.0|21.5487|2.6727|37.4387|1.6367
430|2020-09-25|20:28:23|S5_0716+71-20200925@202822-R_Astrodon_2018_calib.fits|S5_0716+71|07 21 53.40|+71 20 36.0|110.4725|71.3433|1025.5521|1022.1830|R_Astrodon_2018|2459118.3530439814|180.0|21.5727|2.6199|37.6234|1.6299
431|2020-09-26|14:08:05|BL-Lacertae-20200926@140800-R_Astrodon_2018_calib.fits|BL-Lacertae|22 02 43.30|+42 16 40.0|330.6804|42.2778|1044.8550|1050.4672|R_Astrodon_2018|2459119.0889467592|180.0|21.2559|2.0784|70.0349|1.0655
432|2020-09-26|14:11:21|BL-Lacertae-20200926@141120-R_Astrodon_2018_calib.fits|BL-Lacertae|22 02 43.30|+42 16 40.0|330.6804|42.2778|1044.7946|1049.8493|R_Astrodon_2018|2459119.0912152776|180.0|21.4692|2.2547|69.7967|1.0672
433|2020-09-26|14:14:35|BL-Lacertae-20200926@141434-R_Astrodon_2018_calib.fits|BL-Lacertae|22 02 43.30|+42 16 40.0|330.6804|42.2778|1045.1057|1049.0056|R_Astrodon_2018|2459119.0934606483|180.0|21.5295|2.0599|69.5414|1.0691
434|2020-09-26|14:18:00|BL-Lacertae-20200926@141800-R_Astrodon_2018_calib.fits|BL-Lacertae|22 02 43.30|+42 16 40.0|330.6804|42.2778|1045.6576|1047.8672|R_Astrodon_2018|2459119.095833333|180.0|21.5193|2.1013|69.2513|1.0712
435|2020-09-26|14:21:14|BL-Lacertae-20200926@142113-R_Astrodon_2018_calib.fits|BL-Lacertae|22 02 43.30|+42 16 40.0|330.6804|42.2778|1046.4274|1047.2758|R_Astrodon_2018|2459119.0980787035|180.0|21.5239|1.9922|68.9584|1.0734
436|2020-09-26|14:24:28|BL-Lacertae-20200926@142428-R_Astrodon_2018_calib.fits|BL-Lacertae|22 02 43.30|+42 16 40.0|330.6804|42.2778|1046.9214|1046.4946|R_Astrodon_2018|2459119.1003240743|180.0|21.5246|2.2227|68.6484|1.0758
437|2020-09-26|14:27:43|BL-Lacertae-20200926@142742-R_Astrodon_2018_calib.fits|BL-Lacertae|22 02 43.30|+42 16 40.0|330.6804|42.2778|1047.3772|1045.6621|R_Astrodon_2018|2459119.1025810186|180.0|21.5239|2.1930|68.3203|1.0783
438|2020-09-26|14:30:57|BL-Lacertae-20200926@143056-R_Astrodon_2018_calib.fits|BL-Lacertae|22 02 43.30|+42 16 40.0|330.6804|42.2778|1047.8653|1044.7180|R_Astrodon_2018|2459119.104826389|180.0|21.5161|2.2782|67.9782|1.0810
439|2020-09-26|14:34:22|BL-Lacertae-20200926@143422-R_Astrodon_2018_calib.fits|BL-Lacertae|22 02 43.30|+42 16 40.0|330.6804|42.2778|1048.5326|1044.2910|R_Astrodon_2018|2459119.1071990742|180.0|21.5195|2.2707|67.6006|1.0840
440|2020-09-26|14:37:36|BL-Lacertae-20200926@143736-R_Astrodon_2018_calib.fits|BL-Lacertae|22 02 43.30|+42 16 40.0|330.6804|42.2778|1049.0662|1044.1047|R_Astrodon_2018|2459119.1094444445|180.0|21.5196|2.1164|67.2287|1.0871
441|2020-09-26|14:40:50|BL-Lacertae-20200926@144050-R_Astrodon_2018_calib.fits|BL-Lacertae|22 02 43.30|+42 16 40.0|330.6804|42.2778|1049.6602|1043.7323|R_Astrodon_2018|2459119.111689815|180.0|21.5193|2.1658|66.8433|1.0903
442|2020-09-26|14:44:05|BL-Lacertae-20200926@144404-R_Astrodon_2018_calib.fits|BL-Lacertae|22 02 43.30|+42 16 40.0|330.6804|42.2778|1050.2566|1043.4087|R_Astrodon_2018|2459119.113946759|180.0|21.5151|2.2084|66.4432|1.0937
443|2020-09-26|14:47:19|BL-Lacertae-20200926@144718-R_Astrodon_2018_calib.fits|BL-Lacertae|22 02 43.30|+42 16 40.0|330.6804|42.2778|1050.8785|1043.1163|R_Astrodon_2018|2459119.1161921294|180.0|21.5191|2.1275|66.0330|1.0973
444|2020-09-26|14:50:44|BL-Lacertae-20200926@145044-R_Astrodon_2018_calib.fits|BL-Lacertae|22 02 43.30|+42 16 40.0|330.6804|42.2778|1051.5287|1042.8630|R_Astrodon_2018|2459119.118564815|180.0|21.5224|2.1691|65.5871|1.1012
445|2020-09-26|14:53:58|BL-Lacertae-20200926@145358-R_Astrodon_2018_calib.fits|BL-Lacertae|22 02 43.30|+42 16 40.0|330.6804|42.2778|1052.5236|1042.5807|R_Astrodon_2018|2459119.120810185|180.0|21.5199|2.1280|65.1540|1.1051
446|2020-09-26|14:57:13|BL-Lacertae-20200926@145712-R_Astrodon_2018_calib.fits|BL-Lacertae|22 02 43.30|+42 16 40.0|330.6804|42.2778|1053.0508|1042.2784|R_Astrodon_2018|2459119.1230671294|180.0|21.5116|2.1273|64.7084|1.1092
447|2020-09-26|15:00:27|BL-Lacertae-20200926@150026-R_Astrodon_2018_calib.fits|BL-Lacertae|22 02 43.30|+42 16 40.0|330.6804|42.2778|1053.5940|1042.2482|R_Astrodon_2018|2459119.1253125|180.0|21.4824|2.2218|64.2554|1.1136
448|2020-09-26|15:03:54|BL-Lacertae-20200926@150354-R_Astrodon_2018_calib.fits|BL-Lacertae|22 02 43.30|+42 16 40.0|330.6804|42.2778|1054.1872|1042.3529|R_Astrodon_2018|2459119.1277083335|180.0|21.4446|2.6001|63.7621|1.1184
449|2020-09-26|15:07:09|BL-Lacertae-20200926@150708-R_Astrodon_2018_calib.fits|BL-Lacertae|22 02 43.30|+42 16 40.0|330.6804|42.2778|1054.9041|1042.3462|R_Astrodon_2018|2459119.129965278|180.0|21.4734|2.2130|63.2883|1.1231
450|2020-09-26|15:10:23|BL-Lacertae-20200926@151022-R_Astrodon_2018_calib.fits|BL-Lacertae|22 02 43.30|+42 16 40.0|330.6804|42.2778|1055.4527|1042.3990|R_Astrodon_2018|2459119.132210648|180.0|21.4361|2.2488|62.8088|1.1280
451|2020-09-26|15:13:37|BL-Lacertae-20200926@151336-R_Astrodon_2018_calib.fits|BL-Lacertae|22 02 43.30|+42 16 40.0|330.6804|42.2778|1056.2379|1042.7170|R_Astrodon_2018|2459119.1344560185|180.0|21.4275|2.2067|62.3217|1.1331
