1.ID|2.DateObs|3.TimeObs|4.Filename|5.Object|6.RA_hhmmss|7.DEC_ddmmss|8.RA_deg|9.DEC_deg|10.RA_pix|11.Dec_pix|12.FilterName|13.JD|14.ExpTime_sec|15.Zmag|16.FWHM|17.Altitude|18.Airmass
1|2020-06-01|16:21:13|3C345-20200601@162112-R_Astrodon_2018_calib.fits|3C345|16 42 58.80|+39 48 37.0|250.7450|39.8103|1199.3885|999.3642|R_Astrodon_2018|2459002.181400463|180.0|-9999.0000|-9999.0000|72.8786|1.0470
2|2020-06-01|16:24:24|3C345-20200601@162424-R_Astrodon_2018_calib.fits|3C345|16 42 58.80|+39 48 37.0|250.7450|39.8103|1199.1919|997.8506|R_Astrodon_2018|2459002.1836111112|180.0|-9999.0000|-9999.0000|72.6656|1.0483
3|2020-06-01|16:46:30|3C371-20200601@164626-R_Astrodon_2018_calib.fits|3C371|18 06 50.70|+69 49 28.0|271.7112|69.8244|1024.4372|1026.3025|R_Astrodon_2018|2459002.198958333|180.0|21.1300|2.1416|43.3643|1.4580
4|2020-06-01|16:49:45|3C371-20200601@164945-R_Astrodon_2018_calib.fits|3C371|18 06 50.70|+69 49 28.0|271.7112|69.8244|1024.7267|1028.8110|R_Astrodon_2018|2459002.201215278|180.0|21.1368|2.3539|43.4147|1.4567
5|2020-06-01|15:32:45|4C29-45-20200601@153241-R_Astrodon_2018_calib.fits|4C29-45|11 59 31.80|+29 14 44.0|179.8825|29.2456|1296.3370|993.1476|R_Astrodon_2018|2459002.1477430556|180.0|-9999.0000|-9999.0000|32.4036|1.8850
6|2020-06-01|15:35:57|4C29-45-20200601@153556-R_Astrodon_2018_calib.fits|4C29-45|11 59 31.80|+29 14 44.0|179.8825|29.2456|1297.4616|995.0804|R_Astrodon_2018|2459002.149965278|180.0|-9999.0000|-9999.0000|31.7161|1.9221
7|2020-06-01|16:14:28|4C38-41-20200601@161427-R_Astrodon_2018_calib.fits|4C38-41|16 35 15.50|+38 08 04.0|248.8146|38.1344|1194.3561|992.9208|R_Astrodon_2018|2459002.176712963|180.0|-9999.0000|-9999.0000|74.3836|1.0390
8|2020-06-01|16:17:40|4C38-41-20200601@161739-R_Astrodon_2018_calib.fits|4C38-41|16 35 15.50|+38 08 04.0|248.8146|38.1344|1194.6218|991.5980|R_Astrodon_2018|2459002.178935185|180.0|-9999.0000|-9999.0000|74.1352|1.0404
9|2020-06-01|16:36:19|4C51-37-20200601@163618-R_Astrodon_2018_calib.fits|4C51-37|17 40 37.00|+52 11 43.0|265.1542|52.1953|323.4676|1226.9930|R_Astrodon_2018|2459002.191886574|180.0|-9999.0000|-9999.0000|61.0601|1.1416
10|2020-06-01|16:42:04|4C51-37-20200601@164159-R_Astrodon_2018_calib.fits|4C51-37|17 40 37.00|+52 11 43.0|265.1542|52.1953|1022.4100|1028.3024|R_Astrodon_2018|2459002.19587963|180.0|21.3779|2.1674|61.1730|1.1423
11|2020-06-01|17:02:22|CTA102-20200601@170218-R_Astrodon_2018_calib.fits|CTA102|22 32 36.40|+11 43 51.0|338.1517|11.7308|1023.1387|1022.7971|R_Astrodon_2018|2459002.209976852|180.0|20.7047|2.4932|21.8810|2.6033
12|2020-06-01|16:07:28|DA406-20200601@160728-R_Astrodon_2018_calib.fits|DA406|16 13 41.00|+34 12 48.0|243.4208|34.2133|1185.6739|973.2302|R_Astrodon_2018|2459002.171851852|180.0|-9999.0000|-9999.0000|76.1972|1.0310
13|2020-06-01|16:10:40|DA406-20200601@161039-R_Astrodon_2018_calib.fits|DA406|16 13 41.00|+34 12 48.0|243.4208|34.2133|1185.2530|972.8434|R_Astrodon_2018|2459002.1740740743|180.0|-9999.0000|-9999.0000|75.7473|1.0331
14|2020-06-01|16:00:18|KS1510-08-20200601@160018-R_Astrodon_2018_calib.fits|KS1510-08|15 12 50.50|-09 06 00.0|228.2104|-9.1000|1055.6180|987.5730|R_Astrodon_2018|2459002.166875|180.0|-9999.0000|-9999.0000|50.2335|1.3065
15|2020-06-01|16:03:30|KS1510-08-20200601@160329-R_Astrodon_2018_calib.fits|KS1510-08|15 12 50.50|-09 06 00.0|228.2104|-9.1000|1057.3380|988.4993|R_Astrodon_2018|2459002.1690972224|180.0|-9999.0000|-9999.0000|49.7785|1.3155
16|2020-06-01|16:54:34|L-Lacertae-20200601@165430-R_Astrodon_2018_calib.fits|L-Lacertae|22 02 43.30|+42 16 40.0|330.6804|42.2778|1020.5272|1023.8966|R_Astrodon_2018|2459002.2045601853|180.0|21.0783|2.2597|33.3004|1.7966
17|2020-06-01|16:57:49|L-Lacertae-20200601@165749-R_Astrodon_2018_calib.fits|L-Lacertae|22 02 43.30|+42 16 40.0|330.6804|42.2778|1019.7233|1022.6408|R_Astrodon_2018|2459002.2068171296|180.0|21.2001|2.1668|33.9027|1.7691
18|2020-06-01|15:18:58|Mkn421-20200601@151854-R_Astrodon_2018_calib.fits|Mkn421|11 04 27.30|+38 12 32.0|166.1137|38.2089|1021.1275|1026.1949|R_Astrodon_2018|2459002.138171296|180.0|-9999.0000|-9999.0000|25.5955|2.3366
19|2020-06-01|15:22:10|Mkn421-20200601@152209-R_Astrodon_2018_calib.fits|Mkn421|11 04 27.30|+38 12 32.0|166.1137|38.2089|1022.5459|1027.4756|R_Astrodon_2018|2459002.1403935184|180.0|-9999.0000|-9999.0000|24.9765|2.3913
20|2020-06-01|16:27:56|Mkn501-20200601@162756-R_Astrodon_2018_calib.fits|Mkn501|16 53 52.20|+39 45 37.0|253.4675|39.7603|1196.7496|1002.0220|R_Astrodon_2018|2459002.1860648147|180.0|-9999.0000|-9999.0000|73.1677|1.0452
21|2020-06-01|16:31:08|Mkn501-20200601@163108-R_Astrodon_2018_calib.fits|Mkn501|16 53 52.20|+39 45 37.0|253.4675|39.7603|1197.4902|1000.7069|R_Astrodon_2018|2459002.188287037|180.0|-9999.0000|-9999.0000|72.9846|1.0464
22|2020-06-01|15:39:32|ON231-20200601@153932-R_Astrodon_2018_calib.fits|ON231|12 21 31.70|+28 13 59.0|185.3821|28.2331|1282.0980|984.9649|R_Astrodon_2018|2459002.152453704|180.0|-9999.0000|-9999.0000|35.5004|1.7384
23|2020-06-01|15:42:44|ON231-20200601@154243-R_Astrodon_2018_calib.fits|ON231|12 21 31.70|+28 13 59.0|185.3821|28.2331|1283.0791|987.3114|R_Astrodon_2018|2459002.154675926|180.0|-9999.0000|-9999.0000|34.8046|1.7692
24|2020-06-02|16:58:31|3C345-20200602@165827-R_Astrodon_2018_calib.fits|3C345|16 42 58.80|+39 48 37.0|250.7450|39.8103|1020.9763|1021.0048|R_Astrodon_2018|2459003.207303241|180.0|20.5319|2.0196|68.5911|1.0767
25|2020-06-02|17:01:47|3C345-20200602@170147-R_Astrodon_2018_calib.fits|3C345|16 42 58.80|+39 48 37.0|250.7450|39.8103|1021.6658|1021.0742|R_Astrodon_2018|2459003.209571759|180.0|20.5177|2.0767|68.1390|1.0802
26|2020-06-02|17:20:01|3C371-20200602@171956-R_Astrodon_2018_calib.fits|3C371|18 06 50.70|+69 49 28.0|271.7112|69.8244|1023.7674|1017.5442|R_Astrodon_2018|2459003.2222337965|180.0|20.8784|2.7057|43.6417|1.4497
27|2020-06-02|17:23:16|3C371-20200602@172315-R_Astrodon_2018_calib.fits|3C371|18 06 50.70|+69 49 28.0|271.7112|69.8244|1023.6209|1015.4147|R_Astrodon_2018|2459003.224490741|180.0|20.9542|2.7589|43.6342|1.4501
28|2020-06-02|17:42:27|3C454-3-20200602@174227-R_Astrodon_2018_calib.fits|3C454-3|22 53 57.70|+16 08 54.0|343.4904|16.1483|110.3728|1096.8776|R_Astrodon_2018|2459003.2378125|180.0|19.7006|3.2240|28.5695|2.0496
29|2020-06-02|17:45:52|3C454-3-20200602@174551-R_Astrodon_2018_calib.fits|3C454-3|22 53 57.70|+16 08 54.0|343.4904|16.1483|1030.2657|1026.6627|R_Astrodon_2018|2459003.2401851853|180.0|19.5319|3.2838|29.3507|1.9973
30|2020-06-02|16:51:13|4C38-41-20200602@165112-R_Astrodon_2018_calib.fits|4C38-41|16 35 15.50|+38 08 04.0|248.8146|38.1344|1409.3223|1045.6506|R_Astrodon_2018|2459003.2022337965|180.0|20.9415|2.1809|69.6811|1.0685
31|2020-06-02|16:54:36|4C38-41-20200602@165436-R_Astrodon_2018_calib.fits|4C38-41|16 35 15.50|+38 08 04.0|248.8146|38.1344|1014.7878|1018.3016|R_Astrodon_2018|2459003.2045833333|180.0|20.9064|2.1931|69.1747|1.0726
32|2020-06-02|17:12:41|4C51-37-20200602@171237-R_Astrodon_2018_calib.fits|4C51-37|17 40 37.00|+52 11 43.0|265.1542|52.1953|1022.2972|1020.1121|R_Astrodon_2018|2459003.2171412036|180.0|20.8676|2.2749|60.9637|1.1450
33|2020-06-02|17:15:57|4C51-37-20200602@171557-R_Astrodon_2018_calib.fits|4C51-37|17 40 37.00|+52 11 43.0|265.1542|52.1953|1022.5184|1018.7453|R_Astrodon_2018|2459003.2194097224|180.0|20.9220|2.3493|60.8658|1.1462
34|2020-06-02|17:35:48|CTA102-20200602@173543-R_Astrodon_2018_calib.fits|CTA102|22 32 36.40|+11 43 51.0|338.1517|11.7308|1022.0052|1022.9662|R_Astrodon_2018|2459003.2331944443|180.0|20.0658|3.1198|30.4669|1.9324
35|2020-06-02|17:39:04|CTA102-20200602@173903-R_Astrodon_2018_calib.fits|CTA102|22 32 36.40|+11 43 51.0|338.1517|11.7308|1022.8777|1021.9728|R_Astrodon_2018|2459003.235462963|180.0|20.0284|2.9755|31.2180|1.8916
36|2020-06-02|16:44:21|DA406-20200602@164416-R_Astrodon_2018_calib.fits|DA406|16 13 41.00|+34 12 48.0|243.4208|34.2133|1021.9916|1022.1488|R_Astrodon_2018|2459003.1974652777|180.0|21.1399|1.9195|69.3942|1.0714
37|2020-06-02|16:47:36|DA406-20200602@164735-R_Astrodon_2018_calib.fits|DA406|16 13 41.00|+34 12 48.0|243.4208|34.2133|1022.4915|1022.4617|R_Astrodon_2018|2459003.199722222|180.0|21.1084|1.9569|68.7860|1.0759
38|2020-06-02|16:36:48|KS1510-08-20200602@163645-R_Astrodon_2018_calib.fits|KS1510-08|15 12 50.50|-09 06 00.0|228.2104|-9.1000|1021.4024|1026.1577|R_Astrodon_2018|2459003.192222222|180.0|20.5983|2.6066|43.8317|1.4522
39|2020-06-02|16:40:03|KS1510-08-20200602@164003-R_Astrodon_2018_calib.fits|KS1510-08|15 12 50.50|-09 06 00.0|228.2104|-9.1000|1023.6166|1027.0646|R_Astrodon_2018|2459003.1944791665|180.0|20.7940|2.4542|43.2642|1.4677
40|2020-06-02|17:28:18|L-Lacertae-20200602@172814-R_Astrodon_2018_calib.fits|L-Lacertae|22 02 43.30|+42 16 40.0|330.6804|42.2778|1023.3826|1027.0280|R_Astrodon_2018|2459003.2279861113|180.0|20.4482|2.9586|40.2827|1.5308
41|2020-06-02|17:31:33|L-Lacertae-20200602@173133-R_Astrodon_2018_calib.fits|L-Lacertae|22 02 43.30|+42 16 40.0|330.6804|42.2778|1024.3178|1026.2760|R_Astrodon_2018|2459003.2302430556|180.0|20.7694|2.9839|40.8840|1.5125
42|2020-06-02|17:05:09|Mkn501-20200602@170508-R_Astrodon_2018_calib.fits|Mkn501|16 53 52.20|+39 45 37.0|253.4675|39.7603|1411.8440|1052.3578|R_Astrodon_2018|2459003.211909722|180.0|20.9543|2.1572|69.1935|1.0717
43|2020-06-02|17:08:31|Mkn501-20200602@170831-R_Astrodon_2018_calib.fits|Mkn501|16 53 52.20|+39 45 37.0|253.4675|39.7603|1016.2778|1018.9304|R_Astrodon_2018|2459003.2142476854|180.0|20.9499|2.1196|68.7436|1.0756
44|2020-06-02|16:28:49|ON231-20200602@162844-R_Astrodon_2018_calib.fits|ON231|12 21 31.70|+28 13 59.0|185.3821|28.2331|1023.7589|1022.0388|R_Astrodon_2018|2459003.1866782405|180.0|20.3135|3.6198|24.0229|2.4883
45|2020-06-03|15:51:26|3C345-20200603@155122-R_Astrodon_2018_calib.fits|3C345|16 42 58.80|+39 48 37.0|250.7450|39.8103|1020.3725|1025.3673|R_Astrodon_2018|2459004.1607175926|180.0|20.9638|2.1814|73.6517|1.0409
46|2020-06-03|15:54:41|3C345-20200603@155440-R_Astrodon_2018_calib.fits|3C345|16 42 58.80|+39 48 37.0|250.7450|39.8103|1020.4189|1023.7140|R_Astrodon_2018|2459004.162974537|180.0|20.9623|2.1076|73.6177|1.0412
47|2020-06-03|16:23:40|3C371-20200603@162336-R_Astrodon_2018_calib.fits|3C371|18 06 50.70|+69 49 28.0|271.7112|69.8244|1024.3645|1025.4585|R_Astrodon_2018|2459004.183101852|180.0|21.4261|2.4402|43.0686|1.4631
48|2020-06-03|16:26:55|3C371-20200603@162655-R_Astrodon_2018_calib.fits|3C371|18 06 50.70|+69 49 28.0|271.7112|69.8244|1024.8284|1027.4224|R_Astrodon_2018|2459004.1853587963|180.0|21.4467|2.4235|43.1415|1.4612
49|2020-06-03|20:25:16|3C66A-20200603@202512-R_Astrodon_2018_calib.fits|3C66A|02 22 39.60|+43 02 08.0|35.6650|43.0356|1024.7374|1021.0694|R_Astrodon_2018|2459004.3508796296|180.0|-9999.0000|-9999.0000|25.9197|2.2475
50|2020-06-03|14:42:47|4C29-45-20200603@144243-R_Astrodon_2018_calib.fits|4C29-45|11 59 31.80|+29 14 44.0|179.8825|29.2456|1022.3401|1023.3399|R_Astrodon_2018|2459004.1130439816|180.0|21.4263|2.9659|41.5068|1.5200
51|2020-06-03|14:46:02|4C29-45-20200603@144601-R_Astrodon_2018_calib.fits|4C29-45|11 59 31.80|+29 14 44.0|179.8825|29.2456|1023.3783|1025.5052|R_Astrodon_2018|2459004.115300926|180.0|21.4322|3.0511|40.8008|1.5419
52|2020-06-03|15:33:45|4C38-41-20200603@153345-R_Astrodon_2018_calib.fits|4C38-41|16 35 15.50|+38 08 04.0|248.8146|38.1344|98.9722|1240.4478|R_Astrodon_2018|2459004.1484375|180.0|21.1915|2.6528|75.2396|1.0336
53|2020-06-03|15:47:07|4C38-41-20200603@154703-R_Astrodon_2018_calib.fits|4C38-41|16 35 15.50|+38 08 04.0|248.8146|38.1344|1018.9454|1026.9418|R_Astrodon_2018|2459004.1577199074|180.0|21.2706|2.3048|75.2856|1.0329
54|2020-06-03|16:16:00|4C51-37-20200603@161556-R_Astrodon_2018_calib.fits|4C51-37|17 40 37.00|+52 11 43.0|265.1542|52.1953|1023.7614|1027.7113|R_Astrodon_2018|2459004.177777778|180.0|21.5703|2.4892|60.6745|1.1462
55|2020-06-03|16:19:14|4C51-37-20200603@161914-R_Astrodon_2018_calib.fits|4C51-37|17 40 37.00|+52 11 43.0|265.1542|52.1953|1024.0758|1030.3254|R_Astrodon_2018|2459004.180023148|180.0|21.5610|2.3037|60.7929|1.1450
56|2020-06-03|15:25:18|DA406-20200603@152514-R_Astrodon_2018_calib.fits|DA406|16 13 41.00|+34 12 48.0|243.4208|34.2133|821.4875|943.5170|R_Astrodon_2018|2459004.1425694446|180.0|21.3919|2.1472|79.1933|1.0181
57|2020-06-03|15:28:33|DA406-20200603@152832-R_Astrodon_2018_calib.fits|DA406|16 13 41.00|+34 12 48.0|243.4208|34.2133|820.8721|942.4651|R_Astrodon_2018|2459004.144826389|180.0|21.3960|2.2363|79.0943|1.0185
58|2020-06-03|16:31:44|L-Lacertae-20200603@163140-R_Astrodon_2018_calib.fits|L-Lacertae|22 02 43.30|+42 16 40.0|330.6804|42.2778|1020.6633|1022.8549|R_Astrodon_2018|2459004.1887037037|180.0|21.4572|2.6849|30.5305|1.9368
59|2020-06-03|14:35:07|Mkn421-20200603@143503-R_Astrodon_2018_calib.fits|Mkn421|11 04 27.30|+38 12 32.0|166.1137|38.2089|1023.6019|1023.8235|R_Astrodon_2018|2459004.1077199075|180.0|21.2332|4.2871|32.6100|1.8699
60|2020-06-03|14:38:25|Mkn421-20200603@143824-R_Astrodon_2018_calib.fits|Mkn421|11 04 27.30|+38 12 32.0|166.1137|38.2089|1025.0396|1026.1795|R_Astrodon_2018|2459004.110011574|180.0|21.2422|4.0723|31.9634|1.9040
61|2020-06-03|16:06:52|Mkn501-20200603@160648-R_Astrodon_2018_calib.fits|Mkn501|16 53 52.20|+39 45 37.0|253.4675|39.7603|1022.3934|1020.8001|R_Astrodon_2018|2459004.1714351852|180.0|21.4385|2.2472|73.6454|1.0427
62|2020-06-03|16:10:08|Mkn501-20200603@161007-R_Astrodon_2018_calib.fits|Mkn501|16 53 52.20|+39 45 37.0|253.4675|39.7603|1022.6080|1019.1510|R_Astrodon_2018|2459004.1737037036|180.0|21.4228|2.4710|73.5702|1.0432
63|2020-06-03|14:49:38|ON231-20200603@144937-R_Astrodon_2018_calib.fits|ON231|12 21 31.70|+28 13 59.0|185.3821|28.2331|1290.3080|917.5534|R_Astrodon_2018|2459004.117800926|180.0|21.3080|3.1347|44.6930|1.4321
64|2020-06-03|14:53:10|ON231-20200603@145310-R_Astrodon_2018_calib.fits|ON231|12 21 31.70|+28 13 59.0|185.3821|28.2331|1020.9110|1026.2414|R_Astrodon_2018|2459004.1202546298|180.0|21.3566|3.3777|43.9172|1.4518
65|2020-06-03|14:27:20|S4_0954+65-20200603@142716-R_Astrodon_2018_calib.fits|S4_0954+65|09 58 47.20|+65 33 55.0|149.6967|65.5653|1023.9171|1020.8591|R_Astrodon_2018|2459004.102314815|180.0|20.7623|4.6263|25.1571|2.3539
66|2020-06-03|14:30:35|S4_0954+65-20200603@143034-R_Astrodon_2018_calib.fits|S4_0954+65|09 58 47.20|+65 33 55.0|149.6967|65.5653|1025.8661|1021.6062|R_Astrodon_2018|2459004.1045717592|180.0|20.6304|4.6923|24.8203|2.3839
67|2020-06-04|14:12:01|3C273-20200604@141157-R_Astrodon_2018_calib.fits|3C273|12 29 06.70|+02 03 09.0|187.2779|2.0525|1086.6666|994.3779|R_Astrodon_2018|2459005.091678241|180.0|21.1592|2.3350|45.6976|1.4079
68|2020-06-04|14:15:17|3C273-20200604@141517-R_Astrodon_2018_calib.fits|3C273|12 29 06.70|+02 03 09.0|187.2779|2.0525|1088.3433|995.2565|R_Astrodon_2018|2459005.093946759|180.0|20.7452|2.4610|45.0040|1.4251
69|2020-06-04|14:19:08|3C279-20200604@141904-R_Astrodon_2018_calib.fits|3C279|12 56 11.10|-05 47 22.0|194.0462|-5.7894|1037.4168|1003.9718|R_Astrodon_2018|2459005.09662037|180.0|21.2314|2.5508|44.9515|1.4252
70|2020-06-04|14:22:23|3C279-20200604@142223-R_Astrodon_2018_calib.fits|3C279|12 56 11.10|-05 47 22.0|194.0462|-5.7894|1039.2728|1005.0483|R_Astrodon_2018|2459005.098877315|180.0|21.2757|2.2907|44.3446|1.4409
71|2020-06-04|14:53:28|3C345-20200604@145328-R_Astrodon_2018_calib.fits|3C345|16 42 58.80|+39 48 37.0|250.7450|39.8103|1699.6354|885.8534|R_Astrodon_2018|2459005.120462963|180.0|20.8842|2.5973|70.3139|1.0599
72|2020-06-04|14:56:51|3C345-20200604@145651-R_Astrodon_2018_calib.fits|3C345|16 42 58.80|+39 48 37.0|250.7450|39.8103|991.3308|1034.9627|R_Astrodon_2018|2459005.1228125|180.0|20.8212|2.6653|70.7038|1.0566
73|2020-06-04|15:15:23|3C371-20200604@151519-R_Astrodon_2018_calib.fits|3C371|18 06 50.70|+69 49 28.0|271.7112|69.8244|1024.8272|1020.1830|R_Astrodon_2018|2459005.13568287|180.0|21.4024|2.3593|40.6868|1.5239
74|2020-06-04|13:58:04|4C29-45-20200604@135759-R_Astrodon_2018_calib.fits|4C29-45|11 59 31.80|+29 14 44.0|179.8825|29.2456|1172.3257|946.8966|R_Astrodon_2018|2459005.0819907407|180.0|21.4179|2.6728|50.3989|1.3056
75|2020-06-04|14:01:20|4C29-45-20200604@140120-R_Astrodon_2018_calib.fits|4C29-45|11 59 31.80|+29 14 44.0|179.8825|29.2456|1173.6561|949.1004|R_Astrodon_2018|2459005.084259259|180.0|21.4767|2.4741|49.6850|1.3195
76|2020-06-04|14:43:22|4C38-41-20200604@144322-R_Astrodon_2018_calib.fits|4C38-41|16 35 15.50|+38 08 04.0|248.8146|38.1344|790.3524|1108.2500|R_Astrodon_2018|2459005.113449074|180.0|20.9882|2.8146|71.2975|1.0535
77|2020-06-04|14:50:06|4C38-41-20200604@145002-R_Astrodon_2018_calib.fits|4C38-41|16 35 15.50|+38 08 04.0|248.8146|38.1344|1022.0926|1020.1060|R_Astrodon_2018|2459005.118125|180.0|21.1063|2.6753|72.1549|1.0478
78|2020-06-04|15:08:03|4C51-37-20200604@150759-R_Astrodon_2018_calib.fits|4C51-37|17 40 37.00|+52 11 43.0|265.1542|52.1953|1022.0791|1019.0836|R_Astrodon_2018|2459005.1305902777|180.0|21.4347|2.4943|56.0277|1.1998
79|2020-06-04|15:11:19|4C51-37-20200604@151119-R_Astrodon_2018_calib.fits|4C51-37|17 40 37.00|+52 11 43.0|265.1542|52.1953|1021.6426|1020.6900|R_Astrodon_2018|2459005.1328587965|180.0|21.5310|2.7703|56.3555|1.1953
80|2020-06-04|13:35:05|4C71-07-20200604@133500-R_Astrodon_2018_calib.fits|4C71-07|08 41 24.30|+70 53 42.0|130.3512|70.8950|1026.1574|1022.0497|R_Astrodon_2018|2459005.0660300925|180.0|21.0165|2.7600|22.8368|2.5847
81|2020-06-04|13:40:00|4C71-07-20200604@134000-R_Astrodon_2018_calib.fits|4C71-07|08 41 24.30|+70 53 42.0|130.3512|70.8950|1028.3480|1022.2977|R_Astrodon_2018|2459005.0694444445|180.0|21.1655|2.6517|22.4360|2.6137
82|2020-06-04|14:35:35|DA406-20200604@143530-R_Astrodon_2018_calib.fits|DA406|16 13 41.00|+34 12 48.0|243.4208|34.2133|1022.4325|1027.2077|R_Astrodon_2018|2459005.1080439813|180.0|21.2227|3.0105|76.0686|1.0289
83|2020-06-04|14:38:50|DA406-20200604@143850-R_Astrodon_2018_calib.fits|DA406|16 13 41.00|+34 12 48.0|243.4208|34.2133|1022.2404|1029.9187|R_Astrodon_2018|2459005.110300926|180.0|21.1940|2.9768|76.5101|1.0271
84|2020-06-04|14:26:30|KS1510-08-20200604@142626-R_Astrodon_2018_calib.fits|KS1510-08|15 12 50.50|-09 06 00.0|228.2104|-9.1000|968.6822|924.2442|R_Astrodon_2018|2459005.101736111|180.0|21.0620|2.5048|57.3182|1.1891
85|2020-06-04|14:29:45|KS1510-08-20200604@142945-R_Astrodon_2018_calib.fits|KS1510-08|15 12 50.50|-09 06 00.0|228.2104|-9.1000|969.7950|923.0527|R_Astrodon_2018|2459005.1039930554|180.0|21.0790|2.3602|57.2424|1.1903
86|2020-06-04|13:50:55|Mkn421-20200604@135051-R_Astrodon_2018_calib.fits|Mkn421|11 04 27.30|+38 12 32.0|166.1137|38.2089|1237.3028|966.7364|R_Astrodon_2018|2459005.077025463|180.0|21.3130|3.7179|40.5297|1.5489
87|2020-06-04|13:54:10|Mkn421-20200604@135410-R_Astrodon_2018_calib.fits|Mkn421|11 04 27.30|+38 12 32.0|166.1137|38.2089|1239.0046|969.0730|R_Astrodon_2018|2459005.079282407|180.0|21.3099|2.7240|39.8895|1.5699
88|2020-06-04|15:00:47|Mkn501-20200604@150042-R_Astrodon_2018_calib.fits|Mkn501|16 53 52.20|+39 45 37.0|253.4675|39.7603|1022.4528|1019.9536|R_Astrodon_2018|2459005.1255439813|180.0|21.3460|2.6385|69.9249|1.0615
89|2020-06-04|15:04:02|Mkn501-20200604@150401-R_Astrodon_2018_calib.fits|Mkn501|16 53 52.20|+39 45 37.0|253.4675|39.7603|1021.9955|1021.9254|R_Astrodon_2018|2459005.127800926|180.0|21.3134|2.6591|70.3187|1.0590
90|2020-06-04|14:04:44|ON231-20200604@140443-R_Astrodon_2018_calib.fits|ON231|12 21 31.70|+28 13 59.0|185.3821|28.2331|1156.8233|941.8110|R_Astrodon_2018|2459005.0866203704|180.0|21.3116|2.7024|53.7175|1.2472
91|2020-06-04|14:07:58|ON231-20200604@140758-R_Astrodon_2018_calib.fits|ON231|12 21 31.70|+28 13 59.0|185.3821|28.2331|1157.7925|944.0354|R_Astrodon_2018|2459005.0888657407|180.0|21.2998|2.7153|53.0038|1.2591
92|2020-06-04|13:43:31|S4_0954+65-20200604@134331-R_Astrodon_2018_calib.fits|S4_0954+65|09 58 47.20|+65 33 55.0|149.6967|65.5653|1342.7585|981.7520|R_Astrodon_2018|2459005.071886574|180.0|20.3794|2.6804|29.2834|2.0468
93|2020-06-04|13:46:53|S4_0954+65-20200604@134653-R_Astrodon_2018_calib.fits|S4_0954+65|09 58 47.20|+65 33 55.0|149.6967|65.5653|1027.0011|1028.3579|R_Astrodon_2018|2459005.0742245372|180.0|20.4031|2.4746|28.9370|2.0696
94|2020-06-05|19:08:26|3C345-20200605@190825-R_Astrodon_2018_calib.fits|3C345|16 42 58.80|+39 48 37.0|250.7450|39.8103|1210.1243|979.7806|R_Astrodon_2018|2459006.2975231484|180.0|20.6655|2.4044|43.6063|1.4603
95|2020-06-05|19:11:41|3C345-20200605@191141-R_Astrodon_2018_calib.fits|3C345|16 42 58.80|+39 48 37.0|250.7450|39.8103|1210.6697|981.5168|R_Astrodon_2018|2459006.2997800927|180.0|20.7132|2.4220|42.9821|1.4777
96|2020-06-05|19:30:14|3C371-20200605@193010-R_Astrodon_2018_calib.fits|3C371|18 06 50.70|+69 49 28.0|271.7112|69.8244|1022.2699|1021.3085|R_Astrodon_2018|2459006.312662037|180.0|21.2512|2.4541|38.9349|1.5966
97|2020-06-05|19:33:29|3C371-20200605@193328-R_Astrodon_2018_calib.fits|3C371|18 06 50.70|+69 49 28.0|271.7112|69.8244|1022.4150|1020.9176|R_Astrodon_2018|2459006.3149189814|180.0|21.2179|2.3833|38.7367|1.6036
98|2020-06-05|19:53:49|3C454-3-20200605@195349-R_Astrodon_2018_calib.fits|3C454-3|22 53 57.70|+16 08 54.0|343.4904|16.1483|274.3660|1180.3244|R_Astrodon_2018|2459006.329039352|180.0|20.2562|2.4808|61.3905|1.1332
99|2020-06-05|19:57:22|3C454-3-20200605@195722-R_Astrodon_2018_calib.fits|3C454-3|22 53 57.70|+16 08 54.0|343.4904|16.1483|1028.9865|1023.4439|R_Astrodon_2018|2459006.3315046295|180.0|18.1846|2.4107|62.1952|1.1245
100|2020-06-05|19:01:39|4C38-41-20200605@190139-R_Astrodon_2018_calib.fits|4C38-41|16 35 15.50|+38 08 04.0|248.8146|38.1344|1203.8111|980.4519|R_Astrodon_2018|2459006.2928125|180.0|20.7087|2.3857|43.5329|1.4626
101|2020-06-05|19:04:53|4C38-41-20200605@190452-R_Astrodon_2018_calib.fits|4C38-41|16 35 15.50|+38 08 04.0|248.8146|38.1344|1204.4973|982.4497|R_Astrodon_2018|2459006.2950578704|180.0|20.7719|2.5624|42.8959|1.4804
102|2020-06-05|19:22:33|4C51-37-20200605@192229-R_Astrodon_2018_calib.fits|4C51-37|17 40 37.00|+52 11 43.0|265.1542|52.1953|1233.3745|964.5208|R_Astrodon_2018|2459006.307326389|180.0|21.3991|2.2088|47.6272|1.3600
103|2020-06-05|19:25:48|4C51-37-20200605@192547-R_Astrodon_2018_calib.fits|4C51-37|17 40 37.00|+52 11 43.0|265.1542|52.1953|1233.4607|965.6558|R_Astrodon_2018|2459006.3095833333|180.0|21.4268|2.2738|47.1792|1.3700
104|2020-06-05|19:47:00|CTA102-20200605@194656-R_Astrodon_2018_calib.fits|CTA102|22 32 36.40|+11 43 51.0|338.1517|11.7308|1020.8314|1024.5439|R_Astrodon_2018|2459006.324305556|180.0|21.0035|2.7114|62.7904|1.1185
105|2020-06-05|19:50:15|CTA102-20200605@195014-R_Astrodon_2018_calib.fits|CTA102|22 32 36.40|+11 43 51.0|338.1517|11.7308|1020.4983|1025.2999|R_Astrodon_2018|2459006.3265625|180.0|21.1132|2.2836|63.4856|1.1118
106|2020-06-05|18:54:51|DA406-20200605@185446-R_Astrodon_2018_calib.fits|DA406|16 13 41.00|+34 12 48.0|243.4208|34.2133|1019.6558|1096.6054|R_Astrodon_2018|2459006.288090278|180.0|20.8027|2.3057|40.5429|1.5507
107|2020-06-05|18:58:05|DA406-20200605@185805-R_Astrodon_2018_calib.fits|DA406|16 13 41.00|+34 12 48.0|243.4208|34.2133|1020.7121|1098.2333|R_Astrodon_2018|2459006.290335648|180.0|20.7919|2.2318|39.8736|1.5726
108|2020-06-05|19:38:55|L-Lacertae-20200605@193851-R_Astrodon_2018_calib.fits|L-Lacertae|22 02 43.30|+42 16 40.0|330.6804|42.2778|1022.8639|1028.4422|R_Astrodon_2018|2459006.3186921296|180.0|21.3918|2.9011|64.6999|1.1049
109|2020-06-05|19:42:10|L-Lacertae-20200605@194209-R_Astrodon_2018_calib.fits|L-Lacertae|22 02 43.30|+42 16 40.0|330.6804|42.2778|1023.3535|1030.7000|R_Astrodon_2018|2459006.320949074|180.0|21.4309|2.5830|65.1457|1.1010
110|2020-06-05|19:15:14|Mkn501-20200605@191513-R_Astrodon_2018_calib.fits|Mkn501|16 53 52.20|+39 45 37.0|253.4675|39.7603|1207.8071|977.6947|R_Astrodon_2018|2459006.3022453706|180.0|21.2594|2.5702|44.3899|1.4396
111|2020-06-05|19:18:28|Mkn501-20200605@191827-R_Astrodon_2018_calib.fits|Mkn501|16 53 52.20|+39 45 37.0|253.4675|39.7603|1208.3209|979.6448|R_Astrodon_2018|2459006.304490741|180.0|21.3246|2.2954|43.7690|1.4561
112|2020-06-12|18:25:18|3C345-20200612@182517-R_Astrodon_2018_calib.fits|3C345|16 42 58.80|+39 48 37.0|250.7450|39.8103|1077.7973|918.2352|R_Astrodon_2018|2459013.2675694446|180.0|-9999.0000|-9999.0000|46.5963|1.3854
113|2020-06-12|18:28:31|3C345-20200612@182831-R_Astrodon_2018_calib.fits|3C345|16 42 58.80|+39 48 37.0|250.7450|39.8103|1079.0840|920.0070|R_Astrodon_2018|2459013.269803241|180.0|-9999.0000|-9999.0000|45.9815|1.4001
114|2020-06-12|18:41:14|3C371-20200612@184113-R_Astrodon_2018_calib.fits|3C371|18 06 50.70|+69 49 28.0|271.7112|69.8244|1108.6372|1022.6521|R_Astrodon_2018|2459013.2786342595|180.0|-9999.0000|-9999.0000|40.1606|1.5537
115|2020-06-12|18:02:56|4C38-41-20200612@180251-R_Astrodon_2018_calib.fits|4C38-41|16 35 15.50|+38 08 04.0|248.8146|38.1344|1074.8722|899.0179|R_Astrodon_2018|2459013.252037037|180.0|-9999.0000|-9999.0000|49.6542|1.3200
116|2020-06-12|18:06:10|4C38-41-20200612@180609-R_Astrodon_2018_calib.fits|4C38-41|16 35 15.50|+38 08 04.0|248.8146|38.1344|1075.7983|900.8298|R_Astrodon_2018|2459013.2542824075|180.0|-9999.0000|-9999.0000|49.0227|1.3328
117|2020-06-12|18:34:30|4C51-37-20200612@183426-R_Astrodon_2018_calib.fits|4C51-37|17 40 37.00|+52 11 43.0|265.1542|52.1953|1088.1221|927.4844|R_Astrodon_2018|2459013.2739583333|180.0|-9999.0000|-9999.0000|50.3696|1.3037
118|2020-06-12|18:37:44|4C51-37-20200612@183744-R_Astrodon_2018_calib.fits|4C51-37|17 40 37.00|+52 11 43.0|265.1542|52.1953|1088.1250|928.2540|R_Astrodon_2018|2459013.2762037036|180.0|-9999.0000|-9999.0000|49.9485|1.3119
119|2020-06-12|17:55:27|DA406-20200612@175524-R_Astrodon_2018_calib.fits|DA406|16 13 41.00|+34 12 48.0|243.4208|34.2133|1071.4261|902.9900|R_Astrodon_2018|2459013.2468402777|180.0|-9999.0000|-9999.0000|47.1488|1.3734
120|2020-06-12|17:58:41|DA406-20200612@175840-R_Astrodon_2018_calib.fits|DA406|16 13 41.00|+34 12 48.0|243.4208|34.2133|1072.0298|904.7502|R_Astrodon_2018|2459013.249085648|180.0|-9999.0000|-9999.0000|46.4787|1.3889
121|2020-06-12|17:38:58|KS1510-08-20200612@173854-R_Astrodon_2018_calib.fits|KS1510-08|15 12 50.50|-09 06 00.0|228.2104|-9.1000|936.7499|1116.0534|R_Astrodon_2018|2459013.2353935186|180.0|20.7588|6.1562|23.8719|2.5000
122|2020-06-12|17:42:48|KS1510-08-20200612@174244-R_Astrodon_2018_calib.fits|KS1510-08|15 12 50.50|-09 06 00.0|228.2104|-9.1000|939.3937|1115.1860|R_Astrodon_2018|2459013.2380555556|180.0|20.6703|6.4520|23.0552|2.5851
123|2020-06-12|18:18:43|Mkn501-20200612@181839-R_Astrodon_2018_calib.fits|Mkn501|16 53 52.20|+39 45 37.0|253.4675|39.7603|1077.0202|902.3012|R_Astrodon_2018|2459013.262997685|180.0|-9999.0000|-9999.0000|49.9232|1.3146
124|2020-06-12|18:21:56|Mkn501-20200612@182156-R_Astrodon_2018_calib.fits|Mkn501|16 53 52.20|+39 45 37.0|253.4675|39.7603|1077.6785|903.5670|R_Astrodon_2018|2459013.2652314813|180.0|-9999.0000|-9999.0000|49.3133|1.3268
125|2020-06-13|16:46:35|3C345-20200613@164635-R_Astrodon_2018_calib.fits|3C345|16 42 58.80|+39 48 37.0|250.7450|39.8103|1024.5965|1026.0722|R_Astrodon_2018|2459014.1990162036|180.0|20.9527|3.1359|63.8340|1.1175
126|2020-06-13|16:49:49|3C345-20200613@164949-R_Astrodon_2018_calib.fits|3C345|16 42 58.80|+39 48 37.0|250.7450|39.8103|1025.5344|1026.3970|R_Astrodon_2018|2459014.201261574|180.0|20.9476|3.2645|63.2992|1.1229
127|2020-06-13|17:01:40|3C371-20200613@170136-R_Astrodon_2018_calib.fits|3C371|18 06 50.70|+69 49 28.0|271.7112|69.8244|1038.6265|1089.4281|R_Astrodon_2018|2459014.2094907407|180.0|21.4416|3.7751|43.4553|1.4533
128|2020-06-13|16:33:19|4C38-41-20200613@163319-R_Astrodon_2018_calib.fits|4C38-41|16 35 15.50|+38 08 04.0|248.8146|38.1344|1023.2592|1021.4275|R_Astrodon_2018|2459014.189803241|180.0|21.2715|2.7069|65.6255|1.1010
129|2020-06-13|16:36:35|4C38-41-20200613@163635-R_Astrodon_2018_calib.fits|4C38-41|16 35 15.50|+38 08 04.0|248.8146|38.1344|1023.3252|1021.8982|R_Astrodon_2018|2459014.192071759|180.0|21.2391|3.0075|65.0664|1.1061
130|2020-06-13|16:54:17|4C51-37-20200613@165410-R_Astrodon_2018_calib.fits|4C51-37|17 40 37.00|+52 11 43.0|265.1542|52.1953|1028.5847|1044.6733|R_Astrodon_2018|2459014.2043634257|180.0|21.5756|3.1483|59.8982|1.1571
131|2020-06-13|16:57:32|4C51-37-20200613@165731-R_Astrodon_2018_calib.fits|4C51-37|17 40 37.00|+52 11 43.0|265.1542|52.1953|1028.5220|1043.9746|R_Astrodon_2018|2459014.2066203705|180.0|21.5625|3.3693|59.7063|1.1595
132|2020-06-13|16:26:37|DA406-20200613@162633-R_Astrodon_2018_calib.fits|DA406|16 13 41.00|+34 12 48.0|243.4208|34.2133|1084.4438|920.1407|R_Astrodon_2018|2459014.185150463|180.0|21.3970|2.9605|64.4851|1.1121
133|2020-06-13|16:29:54|DA406-20200613@162953-R_Astrodon_2018_calib.fits|DA406|16 13 41.00|+34 12 48.0|243.4208|34.2133|1084.4086|921.0255|R_Astrodon_2018|2459014.1874305555|180.0|21.3829|2.9158|63.8357|1.1184
134|2020-06-13|16:19:01|KS1510-08-20200613@161857-R_Astrodon_2018_calib.fits|KS1510-08|15 12 50.50|-09 06 00.0|228.2104|-9.1000|1025.7892|1022.2397|R_Astrodon_2018|2459014.179872685|180.0|21.1073|3.9881|39.2209|1.5934
135|2020-06-13|16:22:16|KS1510-08-20200613@162216-R_Astrodon_2018_calib.fits|KS1510-08|15 12 50.50|-09 06 00.0|228.2104|-9.1000|1027.1978|1023.5743|R_Astrodon_2018|2459014.1821296294|180.0|21.1453|3.7581|38.6080|1.6151
136|2020-06-13|16:39:58|Mkn501-20200613@163957-R_Astrodon_2018_calib.fits|Mkn501|16 53 52.20|+39 45 37.0|253.4675|39.7603|1022.3809|1021.6364|R_Astrodon_2018|2459014.1944212965|180.0|21.4204|3.1868|66.6281|1.0920
137|2020-06-13|16:43:14|Mkn501-20200613@164313-R_Astrodon_2018_calib.fits|Mkn501|16 53 52.20|+39 45 37.0|253.4675|39.7603|1023.0917|1021.4177|R_Astrodon_2018|2459014.196689815|180.0|21.4196|3.4662|66.1291|1.0963
138|2020-06-15|12:52:50|3C273-20200615@125250-R_Astrodon_2018_calib.fits|3C273|12 29 06.70|+02 03 09.0|187.2779|2.0525|1063.7840|1240.9443|R_Astrodon_2018|2459016.0366898146|180.0|21.2633|2.3198|53.0751|1.2580
139|2020-06-15|12:56:05|3C273-20200615@125605-R_Astrodon_2018_calib.fits|3C273|12 29 06.70|+02 03 09.0|187.2779|2.0525|1065.2576|1242.1113|R_Astrodon_2018|2459016.0389467594|180.0|21.2463|2.0263|52.4307|1.2691
140|2020-06-15|12:59:30|3C279-20200615@125930-R_Astrodon_2018_calib.fits|3C279|12 56 11.10|-05 47 22.0|194.0462|-5.7894|1044.9001|1260.3685|R_Astrodon_2018|2459016.0413194443|180.0|21.3698|2.1923|51.2825|1.2882
141|2020-06-15|18:25:35|3C345-20200615@182535-R_Astrodon_2018_calib.fits|3C345|16 42 58.80|+39 48 37.0|250.7450|39.8103|1006.9010|1010.1414|R_Astrodon_2018|2459016.2677662037|180.0|20.9044|3.5215|44.2840|1.4423
142|2020-06-15|18:28:50|3C345-20200615@182849-R_Astrodon_2018_calib.fits|3C345|16 42 58.80|+39 48 37.0|250.7450|39.8103|1007.9284|1011.9899|R_Astrodon_2018|2459016.270023148|180.0|20.8532|3.5712|43.6603|1.4590
143|2020-06-15|18:39:25|3C371-20200615@183924-R_Astrodon_2018_calib.fits|3C371|18 06 50.70|+69 49 28.0|271.7112|69.8244|1034.7837|1060.2603|R_Astrodon_2018|2459016.2773726853|180.0|21.3528|3.3348|39.6099|1.5721
144|2020-06-15|12:39:00|4C29-45-20200615@123900-R_Astrodon_2018_calib.fits|4C29-45|11 59 31.80|+29 14 44.0|179.8825|29.2456|1112.9595|1172.2241|R_Astrodon_2018|2459016.027083333|180.0|21.4383|2.3307|58.2312|1.1815
145|2020-06-15|12:42:15|4C29-45-20200615@124215-R_Astrodon_2018_calib.fits|4C29-45|11 59 31.80|+29 14 44.0|179.8825|29.2456|1113.9477|1174.2334|R_Astrodon_2018|2459016.029340278|180.0|21.4523|2.2306|57.5207|1.1910
146|2020-06-15|18:11:59|4C38-41-20200615@181158-R_Astrodon_2018_calib.fits|4C38-41|16 35 15.50|+38 08 04.0|248.8146|38.1344|1005.4919|1002.0184|R_Astrodon_2018|2459016.2583217593|180.0|21.1709|3.4427|45.5693|1.4100
147|2020-06-15|18:15:13|4C38-41-20200615@181512-R_Astrodon_2018_calib.fits|4C38-41|16 35 15.50|+38 08 04.0|248.8146|38.1344|1005.7475|1004.2333|R_Astrodon_2018|2459016.2605671296|180.0|21.1653|3.4019|44.9335|1.4260
148|2020-06-15|18:32:28|4C51-37-20200615@183228-R_Astrodon_2018_calib.fits|4C51-37|17 40 37.00|+52 11 43.0|265.1542|52.1953|1016.8343|999.9301|R_Astrodon_2018|2459016.2725462965|180.0|21.5289|3.1674|49.0853|1.3291
149|2020-06-15|18:35:42|4C51-37-20200615@183542-R_Astrodon_2018_calib.fits|4C51-37|17 40 37.00|+52 11 43.0|265.1542|52.1953|1016.4065|1001.0464|R_Astrodon_2018|2459016.274791667|180.0|21.5235|3.0684|48.6517|1.3382
150|2020-06-15|12:18:33|4C71-07-20200615@121833-R_Astrodon_2018_calib.fits|4C71-07|08 41 24.30|+70 53 42.0|130.3512|70.8950|1175.5398|1220.0845|R_Astrodon_2018|2459016.0128819444|180.0|21.5608|3.4038|25.5637|2.3138
151|2020-06-15|12:21:56|4C71-07-20200615@122156-R_Astrodon_2018_calib.fits|4C71-07|08 41 24.30|+70 53 42.0|130.3512|70.8950|1026.9196|1024.7114|R_Astrodon_2018|2459016.0152314813|180.0|21.5430|3.4152|25.2862|2.3415
152|2020-06-15|18:05:09|DA406-20200615@180508-R_Astrodon_2018_calib.fits|DA406|16 13 41.00|+34 12 48.0|243.4208|34.2133|1002.8201|1013.0605|R_Astrodon_2018|2459016.253576389|180.0|21.2630|3.2656|42.6932|1.4864
153|2020-06-15|18:08:24|DA406-20200615@180823-R_Astrodon_2018_calib.fits|DA406|16 13 41.00|+34 12 48.0|243.4208|34.2133|1003.2281|1015.1552|R_Astrodon_2018|2459016.2558333334|180.0|21.2346|3.4019|42.0198|1.5060
154|2020-06-15|17:57:59|KS1510-08-20200615@175749-R_Astrodon_2018_calib.fits|KS1510-08|15 12 50.50|-09 06 00.0|228.2104|-9.1000|953.6759|1161.0636|R_Astrodon_2018|2459016.248599537|180.0|20.6522|5.2664|17.2295|3.4274
155|2020-06-15|18:01:14|KS1510-08-20200615@180113-R_Astrodon_2018_calib.fits|KS1510-08|15 12 50.50|-09 06 00.0|228.2104|-9.1000|957.6052|1157.3445|R_Astrodon_2018|2459016.2508564815|180.0|20.6836|5.0514|16.5194|3.5720
156|2020-06-15|12:32:18|Mkn421-20200615@123217-R_Astrodon_2018_calib.fits|Mkn421|11 04 27.30|+38 12 32.0|166.1137|38.2089|1132.7077|1186.8591|R_Astrodon_2018|2459016.0224305554|180.0|21.4090|2.8026|47.4821|1.3637
157|2020-06-15|12:35:33|Mkn421-20200615@123532-R_Astrodon_2018_calib.fits|Mkn421|11 04 27.30|+38 12 32.0|166.1137|38.2089|1134.6302|1188.8169|R_Astrodon_2018|2459016.0246875|180.0|21.4042|2.6389|46.8453|1.3781
158|2020-06-15|18:18:48|Mkn501-20200615@181847-R_Astrodon_2018_calib.fits|Mkn501|16 53 52.20|+39 45 37.0|253.4675|39.7603|1005.8124|994.1118|R_Astrodon_2018|2459016.2630555555|180.0|21.3660|3.2023|47.6652|1.3613
159|2020-06-15|18:22:02|Mkn501-20200615@182201-R_Astrodon_2018_calib.fits|Mkn501|16 53 52.20|+39 45 37.0|253.4675|39.7603|1006.2507|996.0114|R_Astrodon_2018|2459016.265300926|180.0|21.3898|3.2644|47.0482|1.3752
160|2020-06-15|12:45:40|ON231-20200615@124539-R_Astrodon_2018_calib.fits|ON231|12 21 31.70|+28 13 59.0|185.3821|28.2331|1108.7115|1168.1297|R_Astrodon_2018|2459016.031712963|180.0|21.3538|2.5798|61.6261|1.1411
161|2020-06-15|12:49:13|ON231-20200615@124912-R_Astrodon_2018_calib.fits|ON231|12 21 31.70|+28 13 59.0|185.3821|28.2331|1110.2006|1169.1834|R_Astrodon_2018|2459016.0341782407|180.0|21.3581|2.4873|60.8426|1.1499
162|2020-06-15|12:25:26|S4_0954+65-20200615@122526-R_Astrodon_2018_calib.fits|S4_0954+65|09 58 47.20|+65 33 55.0|149.6967|65.5653|1169.2138|1185.5787|R_Astrodon_2018|2459016.017662037|180.0|21.0136|3.1474|32.8178|1.8469
163|2020-06-15|12:28:41|S4_0954+65-20200615@122841-R_Astrodon_2018_calib.fits|S4_0954+65|09 58 47.20|+65 33 55.0|149.6967|65.5653|1169.5472|1186.9275|R_Astrodon_2018|2459016.0199189815|180.0|21.0223|3.2671|32.4930|1.8635
164|2020-06-15|12:11:40|S5_0716+71-20200615@121137-R_Astrodon_2018_calib.fits|S5_0716+71|07 21 53.40|+71 20 36.0|110.4725|71.3433|1167.4597|1277.5272|R_Astrodon_2018|2459016.0081018517|180.0|21.4759|3.9183|19.7992|2.9382
165|2020-06-15|12:15:02|S5_0716+71-20200615@121502-R_Astrodon_2018_calib.fits|S5_0716+71|07 21 53.40|+71 20 36.0|110.4725|71.3433|1028.4113|1024.0930|R_Astrodon_2018|2459016.010439815|180.0|21.4285|3.7229|19.5388|2.9828
166|2020-06-16|13:25:42|3C345-20200616@132541-R_Astrodon_2018_calib.fits|3C345|16 42 58.80|+39 48 37.0|250.7450|39.8103|1020.0771|1029.6874|R_Astrodon_2018|2459017.059513889|180.0|21.0315|2.2572|64.5242|1.1037
167|2020-06-16|13:28:56|3C345-20200616@132855-R_Astrodon_2018_calib.fits|3C345|16 42 58.80|+39 48 37.0|250.7450|39.8103|1019.7800|1031.3845|R_Astrodon_2018|2459017.061759259|180.0|21.0295|2.2254|65.0429|1.0992
168|2020-06-16|13:40:25|3C371-20200616@134020-R_Astrodon_2018_calib.fits|3C371|18 06 50.70|+69 49 28.0|271.7112|69.8244|1019.5996|1064.9091|R_Astrodon_2018|2459017.069733796|180.0|21.4532|3.1232|37.9205|1.6164
169|2020-06-16|13:43:40|3C371-20200616@134339-R_Astrodon_2018_calib.fits|3C371|18 06 50.70|+69 49 28.0|271.7112|69.8244|1019.6382|1066.1971|R_Astrodon_2018|2459017.071990741|180.0|21.4474|3.1037|38.1310|1.6090
170|2020-06-16|18:28:48|3C454-3-20200616@182847-R_Astrodon_2018_calib.fits|3C454-3|22 53 57.70|+16 08 54.0|343.4904|16.1483|567.5671|1003.5829|R_Astrodon_2018|2459017.27|180.0|20.9153|2.6287|51.8482|1.2620
171|2020-06-16|18:32:20|3C454-3-20200616@183220-R_Astrodon_2018_calib.fits|3C454-3|22 53 57.70|+16 08 54.0|343.4904|16.1483|972.1073|1051.7685|R_Astrodon_2018|2459017.272453704|180.0|20.9013|2.9064|52.6589|1.2477
172|2020-06-16|18:13:07|4C38-41-20200616@181307-R_Astrodon_2018_calib.fits|4C38-41|16 35 15.50|+38 08 04.0|248.8146|38.1344|1093.2531|1035.2466|R_Astrodon_2018|2459017.2591087963|180.0|21.2552|3.0475|44.5731|1.4351
173|2020-06-16|18:16:23|4C38-41-20200616@181622-R_Astrodon_2018_calib.fits|4C38-41|16 35 15.50|+38 08 04.0|248.8146|38.1344|1093.9752|1037.2788|R_Astrodon_2018|2459017.261377315|180.0|21.2414|2.9701|43.9300|1.4520
174|2020-06-16|13:33:01|4C51-37-20200616@133257-R_Astrodon_2018_calib.fits|4C51-37|17 40 37.00|+52 11 43.0|265.1542|52.1953|1016.5917|1068.7672|R_Astrodon_2018|2459017.064594907|180.0|21.5736|2.4657|50.4443|1.2895
175|2020-06-16|13:36:16|4C51-37-20200616@133616-R_Astrodon_2018_calib.fits|4C51-37|17 40 37.00|+52 11 43.0|265.1542|52.1953|1016.9230|1069.8300|R_Astrodon_2018|2459017.066851852|180.0|21.5828|2.4631|50.8622|1.2820
176|2020-06-16|18:21:57|CTA102-20200616@182153-R_Astrodon_2018_calib.fits|CTA102|22 32 36.40|+11 43 51.0|338.1517|11.7308|1018.7793|1024.8135|R_Astrodon_2018|2459017.2652430558|180.0|21.2314|2.5916|53.5797|1.2330
177|2020-06-16|18:25:12|CTA102-20200616@182512-R_Astrodon_2018_calib.fits|CTA102|22 32 36.40|+11 43 51.0|338.1517|11.7308|1018.3666|1024.1295|R_Astrodon_2018|2459017.2675|180.0|21.2470|2.4727|54.3088|1.2219
178|2020-06-16|18:06:18|DA406-20200616@180614-R_Astrodon_2018_calib.fits|DA406|16 13 41.00|+34 12 48.0|243.4208|34.2133|1023.5472|1023.5574|R_Astrodon_2018|2459017.254375|180.0|21.3463|2.9608|41.6404|1.5172
179|2020-06-16|18:09:33|DA406-20200616@180932-R_Astrodon_2018_calib.fits|DA406|16 13 41.00|+34 12 48.0|243.4208|34.2133|1023.8298|1025.1289|R_Astrodon_2018|2459017.2566319443|180.0|21.3584|3.1202|40.9673|1.5380
180|2020-06-16|18:53:10|ES2344+514-20200616@185305-R_Astrodon_2018_calib.fits|ES2344+514|23 47 04.00|+51 42 18.0|356.7667|51.7050|1019.8534|1025.3509|R_Astrodon_2018|2459017.2869212963|180.0|21.7300|3.0012|44.3872|1.4226
181|2020-06-16|15:53:08|L-Lacertae-20200616@155304-R_Astrodon_2018_calib.fits|L-Lacertae|22 02 43.30|+42 16 40.0|330.6804|42.2778|1022.4542|1022.6975|R_Astrodon_2018|2459017.1618981482|180.0|21.4737|3.0350|32.8455|1.8179
182|2020-06-16|18:45:21|L-Lacertae-20200616@184517-R_Astrodon_2018_calib.fits|L-Lacertae|22 02 43.30|+42 16 40.0|330.6804|42.2778|1022.0693|1026.1983|R_Astrodon_2018|2459017.2814930556|180.0|21.5349|2.6059|63.2228|1.1182
183|2020-06-16|18:48:37|L-Lacertae-20200616@184836-R_Astrodon_2018_calib.fits|L-Lacertae|22 02 43.30|+42 16 40.0|330.6804|42.2778|1022.4521|1028.2059|R_Astrodon_2018|2459017.283761574|180.0|21.5328|2.4706|63.7001|1.1137
184|2020-06-16|13:18:55|Mkn501-20200616@131851-R_Astrodon_2018_calib.fits|Mkn501|16 53 52.20|+39 45 37.0|253.4675|39.7603|1022.4808|1026.1721|R_Astrodon_2018|2459017.0548032406|180.0|21.4881|2.4127|61.5995|1.1319
185|2020-06-16|13:22:10|Mkn501-20200616@132209-R_Astrodon_2018_calib.fits|Mkn501|16 53 52.20|+39 45 37.0|253.4675|39.7603|1022.4517|1027.8685|R_Astrodon_2018|2459017.0570601854|180.0|21.4780|2.2323|62.1563|1.1262
186|2020-06-16|18:37:04|PKS2155-304-20200616@183700-R_Astrodon_2018_calib.fits|PKS2155-304|21 58 52.00|-30 13 32.0|329.7167|-30.2256|1022.9591|1021.2258|R_Astrodon_2018|2459017.275740741|180.0|21.2664|3.4704|31.5394|1.8909
187|2020-06-16|18:40:18|PKS2155-304-20200616@184018-R_Astrodon_2018_calib.fits|PKS2155-304|21 58 52.00|-30 13 32.0|329.7167|-30.2256|1022.2725|1022.9725|R_Astrodon_2018|2459017.277986111|180.0|21.2623|3.4120|31.8426|1.8752
188|2020-06-17|16:01:29|3C345-20200617@160128-R_Astrodon_2018_calib.fits|3C345|16 42 58.80|+39 48 37.0|250.7450|39.8103|1012.9599|1032.4553|R_Astrodon_2018|2459018.167696759|180.0|-9999.0000|-9999.0000|68.3236|1.0782
189|2020-06-17|16:04:40|3C345-20200617@160440-R_Astrodon_2018_calib.fits|3C345|16 42 58.80|+39 48 37.0|250.7450|39.8103|1013.5414|1031.6882|R_Astrodon_2018|2459018.1699074074|180.0|-9999.0000|-9999.0000|67.8761|1.0818
190|2020-06-17|16:30:52|3C371-20200617@163048-R_Astrodon_2018_calib.fits|3C371|18 06 50.70|+69 49 28.0|271.7112|69.8244|1022.9313|1021.0129|R_Astrodon_2018|2459018.188101852|180.0|21.4646|2.1970|43.6035|1.4496
191|2020-06-17|16:34:08|3C371-20200617@163407-R_Astrodon_2018_calib.fits|3C371|18 06 50.70|+69 49 28.0|271.7112|69.8244|1023.3853|1019.1307|R_Astrodon_2018|2459018.19037037|180.0|21.4771|2.1962|43.5805|1.4503
192|2020-06-17|17:01:58|3C454-3-20200617@170157-R_Astrodon_2018_calib.fits|3C454-3|22 53 57.70|+16 08 54.0|343.4904|16.1483|1020.2169|1034.0912|R_Astrodon_2018|2459018.2096990743|180.0|20.7277|2.3480|32.8028|1.8159
193|2020-06-17|17:05:12|3C454-3-20200617@170512-R_Astrodon_2018_calib.fits|3C454-3|22 53 57.70|+16 08 54.0|343.4904|16.1483|1021.1414|1032.9046|R_Astrodon_2018|2459018.2119444446|180.0|20.6242|2.4172|33.5440|1.7809
194|2020-06-17|15:22:00|4C29-45-20200617@152155-R_Astrodon_2018_calib.fits|4C29-45|11 59 31.80|+29 14 44.0|179.8825|29.2456|1021.6653|1035.6048|R_Astrodon_2018|2459018.140277778|180.0|-9999.0000|-9999.0000|21.3001|2.7910
195|2020-06-17|15:48:02|4C38-41-20200617@154802-R_Astrodon_2018_calib.fits|4C38-41|16 35 15.50|+38 08 04.0|248.8146|38.1344|1014.4856|1032.9206|R_Astrodon_2018|2459018.1583564817|180.0|-9999.0000|-9999.0000|70.2921|1.0642
196|2020-06-17|15:51:14|4C38-41-20200617@155113-R_Astrodon_2018_calib.fits|4C38-41|16 35 15.50|+38 08 04.0|248.8146|38.1344|1014.9026|1032.8473|R_Astrodon_2018|2459018.1605787035|180.0|-9999.0000|-9999.0000|69.8292|1.0674
197|2020-06-17|16:08:48|4C51-37-20200617@160843-R_Astrodon_2018_calib.fits|4C51-37|17 40 37.00|+52 11 43.0|265.1542|52.1953|986.6592|1047.4277|R_Astrodon_2018|2459018.172777778|180.0|-9999.0000|-9999.0000|61.0858|1.1426
198|2020-06-17|16:12:00|4C51-37-20200617@161200-R_Astrodon_2018_calib.fits|4C51-37|17 40 37.00|+52 11 43.0|265.1542|52.1953|986.5793|1046.0486|R_Astrodon_2018|2459018.175|180.0|-9999.0000|-9999.0000|61.0096|1.1436
199|2020-06-17|16:54:42|CTA102-20200617@165436-R_Astrodon_2018_calib.fits|CTA102|22 32 36.40|+11 43 51.0|338.1517|11.7308|1094.8304|1053.7085|R_Astrodon_2018|2459018.204652778|180.0|21.1479|2.1864|34.5771|1.7303
200|2020-06-17|16:58:24|CTA102-20200617@165823-R_Astrodon_2018_calib.fits|CTA102|22 32 36.40|+11 43 51.0|338.1517|11.7308|1095.8329|1051.7223|R_Astrodon_2018|2459018.2072222224|180.0|21.1490|2.4063|35.4275|1.6991
201|2020-06-17|15:41:04|DA406-20200617@154059-R_Astrodon_2018_calib.fits|DA406|16 13 41.00|+34 12 48.0|243.4208|34.2133|1011.2555|1086.4488|R_Astrodon_2018|2459018.1535185184|180.0|-9999.0000|-9999.0000|70.1899|1.0654
202|2020-06-17|15:44:16|DA406-20200617@154416-R_Astrodon_2018_calib.fits|DA406|16 13 41.00|+34 12 48.0|243.4208|34.2133|1011.4043|1086.6906|R_Astrodon_2018|2459018.1557407407|180.0|-9999.0000|-9999.0000|69.5997|1.0696
203|2020-06-17|17:25:24|ES2344+514-20200617@172518-R_Astrodon_2018_calib.fits|ES2344+514|23 47 04.00|+51 42 18.0|356.7667|51.7050|1027.8783|1086.6525|R_Astrodon_2018|2459018.225972222|180.0|21.6836|2.4314|31.6295|1.8833
204|2020-06-17|15:33:29|KS1510-08-20200617@153324-R_Astrodon_2018_calib.fits|KS1510-08|15 12 50.50|-09 06 00.0|228.2104|-9.1000|1023.7109|1024.0889|R_Astrodon_2018|2459018.148252315|180.0|-9999.0000|-9999.0000|44.5788|1.4332
205|2020-06-17|15:36:41|KS1510-08-20200617@153641-R_Astrodon_2018_calib.fits|KS1510-08|15 12 50.50|-09 06 00.0|228.2104|-9.1000|1025.4900|1024.9792|R_Astrodon_2018|2459018.150474537|180.0|-9999.0000|-9999.0000|44.0290|1.4477
206|2020-06-17|17:17:48|L-Lacertae-20200617@171743-R_Astrodon_2018_calib.fits|L-Lacertae|22 02 43.30|+42 16 40.0|330.6804|42.2778|957.5457|967.0514|R_Astrodon_2018|2459018.2206944446|180.0|21.4364|2.0923|49.1693|1.3131
207|2020-06-17|17:21:04|L-Lacertae-20200617@172103-R_Astrodon_2018_calib.fits|L-Lacertae|22 02 43.30|+42 16 40.0|330.6804|42.2778|958.3195|967.5696|R_Astrodon_2018|2459018.222962963|180.0|21.4058|2.1088|49.7582|1.3018
208|2020-06-17|15:54:46|Mkn501-20200617@155445-R_Astrodon_2018_calib.fits|Mkn501|16 53 52.20|+39 45 37.0|253.4675|39.7603|1010.0269|1038.0207|R_Astrodon_2018|2459018.1630324074|180.0|-9999.0000|-9999.0000|70.6018|1.0617
209|2020-06-17|15:57:57|Mkn501-20200617@155757-R_Astrodon_2018_calib.fits|Mkn501|16 53 52.20|+39 45 37.0|253.4675|39.7603|1010.5665|1037.4489|R_Astrodon_2018|2459018.1652430557|180.0|-9999.0000|-9999.0000|70.2281|1.0643
210|2020-06-17|15:25:33|ON231-20200617@152532-R_Astrodon_2018_calib.fits|ON231|12 21 31.70|+28 13 59.0|185.3821|28.2331|1024.6005|1041.5013|R_Astrodon_2018|2459018.1427430557|180.0|-9999.0000|-9999.0000|24.9396|2.4015
211|2020-06-17|17:09:44|PKS2155-304-20200617@170939-R_Astrodon_2018_calib.fits|PKS2155-304|21 58 52.00|-30 13 32.0|329.7167|-30.2256|1064.3925|1111.4660|R_Astrodon_2018|2459018.2150925924|180.0|21.0829|2.6785|21.1009|2.7106
212|2020-06-17|17:13:00|PKS2155-304-20200617@171259-R_Astrodon_2018_calib.fits|PKS2155-304|21 58 52.00|-30 13 32.0|329.7167|-30.2256|1066.0802|1112.3725|R_Astrodon_2018|2459018.217361111|180.0|21.1467|2.7951|21.5900|2.6543
213|2020-06-18|12:39:13|Mkn501-20200618@123909-R_Astrodon_2018_calib.fits|Mkn501|16 53 52.20|+39 45 37.0|253.4675|39.7603|1022.6072|1024.0192|R_Astrodon_2018|2459019.027233796|180.0|21.4032|2.5713|55.9188|1.2004
214|2020-06-18|12:42:28|Mkn501-20200618@124227-R_Astrodon_2018_calib.fits|Mkn501|16 53 52.20|+39 45 37.0|253.4675|39.7603|1022.4415|1024.1517|R_Astrodon_2018|2459019.029490741|180.0|21.3357|2.6872|56.5138|1.1923
215|2020-06-18|12:45:42|Mkn501-20200618@124542-R_Astrodon_2018_calib.fits|Mkn501|16 53 52.20|+39 45 37.0|253.4675|39.7603|1022.2833|1024.7024|R_Astrodon_2018|2459019.0317361113|180.0|21.3785|2.4524|57.1030|1.1845
216|2020-06-18|12:48:57|Mkn501-20200618@124856-R_Astrodon_2018_calib.fits|Mkn501|16 53 52.20|+39 45 37.0|253.4675|39.7603|1021.9148|1024.9180|R_Astrodon_2018|2459019.0339930556|180.0|21.4253|2.5294|57.6921|1.1769
217|2020-06-18|12:52:11|Mkn501-20200618@125210-R_Astrodon_2018_calib.fits|Mkn501|16 53 52.20|+39 45 37.0|253.4675|39.7603|1021.7104|1025.4993|R_Astrodon_2018|2459019.036238426|180.0|21.4039|2.4567|58.2750|1.1696
218|2020-06-18|12:55:25|Mkn501-20200618@125525-R_Astrodon_2018_calib.fits|Mkn501|16 53 52.20|+39 45 37.0|253.4675|39.7603|1021.3262|1026.4525|R_Astrodon_2018|2459019.038483796|180.0|21.1871|2.5597|58.8544|1.1626
219|2020-06-18|12:58:40|Mkn501-20200618@125839-R_Astrodon_2018_calib.fits|Mkn501|16 53 52.20|+39 45 37.0|253.4675|39.7603|1021.0018|1027.6539|R_Astrodon_2018|2459019.040740741|180.0|21.0118|2.4767|59.4330|1.1558
220|2020-06-18|13:01:54|Mkn501-20200618@130153-R_Astrodon_2018_calib.fits|Mkn501|16 53 52.20|+39 45 37.0|253.4675|39.7603|1020.7629|1029.0326|R_Astrodon_2018|2459019.0429861112|180.0|20.9378|2.4059|60.0048|1.1492
221|2020-06-18|13:06:29|Mkn501-20200618@130624-R_Astrodon_2018_calib.fits|Mkn501|16 53 52.20|+39 45 37.0|253.4675|39.7603|1020.7250|1030.3121|R_Astrodon_2018|2459019.0461689816|180.0|21.0823|2.2140|60.8079|1.1403
222|2020-06-18|13:09:43|Mkn501-20200618@130943-R_Astrodon_2018_calib.fits|Mkn501|16 53 52.20|+39 45 37.0|253.4675|39.7603|1020.6664|1031.4801|R_Astrodon_2018|2459019.048414352|180.0|21.2750|2.3212|61.3690|1.1343
223|2020-06-18|13:12:58|Mkn501-20200618@131257-R_Astrodon_2018_calib.fits|Mkn501|16 53 52.20|+39 45 37.0|253.4675|39.7603|1020.3170|1032.9785|R_Astrodon_2018|2459019.050671296|180.0|21.3814|2.3641|61.9280|1.1285
224|2020-06-18|13:16:22|Mkn501-20200618@131622-R_Astrodon_2018_calib.fits|Mkn501|16 53 52.20|+39 45 37.0|253.4675|39.7603|1020.0939|1034.2414|R_Astrodon_2018|2459019.0530324075|180.0|21.4048|2.2916|62.5071|1.1227
225|2020-06-18|13:19:37|Mkn501-20200618@131936-R_Astrodon_2018_calib.fits|Mkn501|16 53 52.20|+39 45 37.0|253.4675|39.7603|1019.7712|1035.7341|R_Astrodon_2018|2459019.055289352|180.0|21.4014|2.2081|63.0548|1.1174
226|2020-06-18|13:22:51|Mkn501-20200618@132250-R_Astrodon_2018_calib.fits|Mkn501|16 53 52.20|+39 45 37.0|253.4675|39.7603|1019.5974|1037.2564|R_Astrodon_2018|2459019.057534722|180.0|21.4147|2.4605|63.5937|1.1122
227|2020-06-18|13:26:05|Mkn501-20200618@132604-R_Astrodon_2018_calib.fits|Mkn501|16 53 52.20|+39 45 37.0|253.4675|39.7603|1018.9690|1039.0420|R_Astrodon_2018|2459019.0597800924|180.0|21.4177|2.3500|64.1261|1.1073
228|2020-06-18|13:29:31|Mkn501-20200618@132930-R_Astrodon_2018_calib.fits|Mkn501|16 53 52.20|+39 45 37.0|253.4675|39.7603|1018.6079|1040.6962|R_Astrodon_2018|2459019.062164352|180.0|21.3995|2.3963|64.6839|1.1023
229|2020-06-18|13:32:45|Mkn501-20200618@133244-R_Astrodon_2018_calib.fits|Mkn501|16 53 52.20|+39 45 37.0|253.4675|39.7603|1018.3521|1042.2843|R_Astrodon_2018|2459019.064409722|180.0|21.4114|2.3467|65.2016|1.0978
230|2020-06-18|13:35:59|Mkn501-20200618@133558-R_Astrodon_2018_calib.fits|Mkn501|16 53 52.20|+39 45 37.0|253.4675|39.7603|1018.1183|1044.0427|R_Astrodon_2018|2459019.0666550924|180.0|21.3829|2.5638|65.7114|1.0935
231|2020-06-18|13:39:13|Mkn501-20200618@133912-R_Astrodon_2018_calib.fits|Mkn501|16 53 52.20|+39 45 37.0|253.4675|39.7603|1017.6960|1046.0356|R_Astrodon_2018|2459019.068900463|180.0|21.3951|2.3484|66.2128|1.0894
232|2020-06-18|13:42:41|Mkn501-20200618@134240-R_Astrodon_2018_calib.fits|Mkn501|16 53 52.20|+39 45 37.0|253.4675|39.7603|1017.2269|1048.0325|R_Astrodon_2018|2459019.0713078706|180.0|21.2993|2.1897|66.7404|1.0852
233|2020-06-18|13:45:55|Mkn501-20200618@134554-R_Astrodon_2018_calib.fits|Mkn501|16 53 52.20|+39 45 37.0|253.4675|39.7603|1016.7812|1050.2463|R_Astrodon_2018|2459019.073553241|180.0|20.9547|2.3076|67.2225|1.0814
234|2020-06-18|13:49:09|Mkn501-20200618@134908-R_Astrodon_2018_calib.fits|Mkn501|16 53 52.20|+39 45 37.0|253.4675|39.7603|1016.5217|1052.5064|R_Astrodon_2018|2459019.075798611|180.0|21.1978|2.3725|67.6943|1.0779
235|2020-06-18|13:52:23|Mkn501-20200618@135222-R_Astrodon_2018_calib.fits|Mkn501|16 53 52.20|+39 45 37.0|253.4675|39.7603|1016.1425|1054.8253|R_Astrodon_2018|2459019.0780439815|180.0|21.3079|2.4624|68.1551|1.0745
236|2020-06-18|13:55:50|Mkn501-20200618@135550-R_Astrodon_2018_calib.fits|Mkn501|16 53 52.20|+39 45 37.0|253.4675|39.7603|1015.6802|1056.7803|R_Astrodon_2018|2459019.080439815|180.0|21.3317|2.3568|68.6338|1.0711
237|2020-06-18|13:59:04|Mkn501-20200618@135904-R_Astrodon_2018_calib.fits|Mkn501|16 53 52.20|+39 45 37.0|253.4675|39.7603|1015.1660|1058.9492|R_Astrodon_2018|2459019.082685185|180.0|21.3091|2.3415|69.0694|1.0681
238|2020-06-18|14:02:18|Mkn501-20200618@140218-R_Astrodon_2018_calib.fits|Mkn501|16 53 52.20|+39 45 37.0|253.4675|39.7603|1014.7102|1061.3975|R_Astrodon_2018|2459019.0849305554|180.0|21.2701|2.2923|69.4916|1.0652
239|2020-06-18|14:05:33|Mkn501-20200618@140532-R_Astrodon_2018_calib.fits|Mkn501|16 53 52.20|+39 45 37.0|253.4675|39.7603|1014.1129|1063.7663|R_Astrodon_2018|2459019.0871875|180.0|20.8120|2.3871|69.9017|1.0625
240|2020-06-18|14:09:12|Mkn501-20200618@140912-R_Astrodon_2018_calib.fits|Mkn501|16 53 52.20|+39 45 37.0|253.4675|39.7603|1013.5265|1066.6841|R_Astrodon_2018|2459019.089722222|180.0|20.7950|2.3974|70.3438|1.0597
241|2020-06-18|14:12:27|Mkn501-20200618@141226-R_Astrodon_2018_calib.fits|Mkn501|16 53 52.20|+39 45 37.0|253.4675|39.7603|1013.4993|1068.6809|R_Astrodon_2018|2459019.0919791665|180.0|20.7589|2.3436|70.7201|1.0574
242|2020-06-19|12:18:36|Mkn421-20200619@121831-R_Astrodon_2018_calib.fits|Mkn421|11 04 27.30|+38 12 32.0|166.1137|38.2089|980.5205|972.9639|R_Astrodon_2018|2459020.0129166665|180.0|21.3681|3.7902|47.0849|1.3729
243|2020-06-19|12:21:51|Mkn421-20200619@122150-R_Astrodon_2018_calib.fits|Mkn421|11 04 27.30|+38 12 32.0|166.1137|38.2089|980.9525|974.8419|R_Astrodon_2018|2459020.015173611|180.0|21.2537|3.2641|46.4478|1.3874
244|2020-06-19|12:25:04|Mkn421-20200619@122504-R_Astrodon_2018_calib.fits|Mkn421|11 04 27.30|+38 12 32.0|166.1137|38.2089|981.0632|976.6716|R_Astrodon_2018|2459020.0174074075|180.0|21.3768|3.9153|45.8166|1.4024
245|2020-06-19|12:28:18|Mkn421-20200619@122818-R_Astrodon_2018_calib.fits|Mkn421|11 04 27.30|+38 12 32.0|166.1137|38.2089|982.1399|978.7406|R_Astrodon_2018|2459020.019652778|180.0|21.3595|3.3964|45.1817|1.4180
246|2020-06-19|12:31:33|Mkn421-20200619@123132-R_Astrodon_2018_calib.fits|Mkn421|11 04 27.30|+38 12 32.0|166.1137|38.2089|982.9751|980.7532|R_Astrodon_2018|2459020.021909722|180.0|21.2974|3.0728|44.5430|1.4341
247|2020-06-19|12:34:47|Mkn421-20200619@123446-R_Astrodon_2018_calib.fits|Mkn421|11 04 27.30|+38 12 32.0|166.1137|38.2089|983.5844|982.6945|R_Astrodon_2018|2459020.0241550924|180.0|21.2672|3.1926|43.9072|1.4508
248|2020-06-19|12:38:01|Mkn421-20200619@123800-R_Astrodon_2018_calib.fits|Mkn421|11 04 27.30|+38 12 32.0|166.1137|38.2089|984.6639|984.7704|R_Astrodon_2018|2459020.026400463|180.0|21.1650|3.3081|43.2711|1.4680
249|2020-06-19|12:41:15|Mkn421-20200619@124114-R_Astrodon_2018_calib.fits|Mkn421|11 04 27.30|+38 12 32.0|166.1137|38.2089|985.1362|986.7110|R_Astrodon_2018|2459020.0286458335|180.0|21.2874|3.2101|42.6347|1.4857
250|2020-06-19|12:44:29|Mkn421-20200619@124428-R_Astrodon_2018_calib.fits|Mkn421|11 04 27.30|+38 12 32.0|166.1137|38.2089|985.8840|988.5676|R_Astrodon_2018|2459020.030891204|180.0|21.3178|3.0871|41.9981|1.5042
251|2020-06-19|12:47:43|Mkn421-20200619@124742-R_Astrodon_2018_calib.fits|Mkn421|11 04 27.30|+38 12 32.0|166.1137|38.2089|986.2332|990.4761|R_Astrodon_2018|2459020.033136574|180.0|21.3619|3.4496|41.3614|1.5233
252|2020-06-19|12:50:57|Mkn421-20200619@125056-R_Astrodon_2018_calib.fits|Mkn421|11 04 27.30|+38 12 32.0|166.1137|38.2089|986.7266|992.2139|R_Astrodon_2018|2459020.0353819444|180.0|21.4047|2.8750|40.7246|1.5431
253|2020-06-19|12:54:11|Mkn421-20200619@125411-R_Astrodon_2018_calib.fits|Mkn421|11 04 27.30|+38 12 32.0|166.1137|38.2089|988.1512|993.9845|R_Astrodon_2018|2459020.0376273147|180.0|21.4338|2.8920|40.0877|1.5636
254|2020-06-19|12:57:26|Mkn421-20200619@125725-R_Astrodon_2018_calib.fits|Mkn421|11 04 27.30|+38 12 32.0|166.1137|38.2089|988.6849|995.4014|R_Astrodon_2018|2459020.0398842595|180.0|21.3996|3.1372|39.4475|1.5849
255|2020-06-19|13:00:40|Mkn421-20200619@130039-R_Astrodon_2018_calib.fits|Mkn421|11 04 27.30|+38 12 32.0|166.1137|38.2089|989.7300|998.2751|R_Astrodon_2018|2459020.0421296298|180.0|21.3897|2.9746|38.8107|1.6070
256|2020-06-19|13:03:54|Mkn421-20200619@130353-R_Astrodon_2018_calib.fits|Mkn421|11 04 27.30|+38 12 32.0|166.1137|38.2089|990.3456|1000.3455|R_Astrodon_2018|2459020.044375|180.0|21.4141|3.0972|38.1739|1.6298
257|2020-06-19|13:07:08|Mkn421-20200619@130707-R_Astrodon_2018_calib.fits|Mkn421|11 04 27.30|+38 12 32.0|166.1137|38.2089|990.9730|1002.0256|R_Astrodon_2018|2459020.0466203704|180.0|21.3885|3.4170|37.5373|1.6536
258|2020-06-19|13:10:22|Mkn421-20200619@131021-R_Astrodon_2018_calib.fits|Mkn421|11 04 27.30|+38 12 32.0|166.1137|38.2089|991.9297|1003.3263|R_Astrodon_2018|2459020.0488657407|180.0|21.3982|3.4132|36.9009|1.6782
259|2020-06-19|13:13:36|Mkn421-20200619@131335-R_Astrodon_2018_calib.fits|Mkn421|11 04 27.30|+38 12 32.0|166.1137|38.2089|992.6908|1004.2956|R_Astrodon_2018|2459020.051111111|180.0|21.3916|3.3352|36.2647|1.7038
260|2020-06-19|13:16:50|Mkn421-20200619@131650-R_Astrodon_2018_calib.fits|Mkn421|11 04 27.30|+38 12 32.0|166.1137|38.2089|993.5532|1006.2923|R_Astrodon_2018|2459020.0533564817|180.0|21.3912|3.6485|35.6288|1.7304
261|2020-06-19|13:20:04|Mkn421-20200619@132003-R_Astrodon_2018_calib.fits|Mkn421|11 04 27.30|+38 12 32.0|166.1137|38.2089|994.5725|1008.2633|R_Astrodon_2018|2459020.055601852|180.0|21.3792|3.3553|34.9932|1.7580
262|2020-06-19|13:23:19|Mkn421-20200619@132318-R_Astrodon_2018_calib.fits|Mkn421|11 04 27.30|+38 12 32.0|166.1137|38.2089|995.5084|1009.9099|R_Astrodon_2018|2459020.0578587963|180.0|21.3883|3.2062|34.3547|1.7867
263|2020-06-19|13:26:32|Mkn421-20200619@132632-R_Astrodon_2018_calib.fits|Mkn421|11 04 27.30|+38 12 32.0|166.1137|38.2089|996.4299|1012.4354|R_Astrodon_2018|2459020.0600925926|180.0|21.3826|3.5631|33.7231|1.8166
264|2020-06-19|13:29:47|Mkn421-20200619@132946-R_Astrodon_2018_calib.fits|Mkn421|11 04 27.30|+38 12 32.0|166.1137|38.2089|997.2445|1014.5677|R_Astrodon_2018|2459020.062349537|180.0|21.3951|4.0178|33.0854|1.8477
265|2020-06-19|13:33:01|Mkn421-20200619@133300-R_Astrodon_2018_calib.fits|Mkn421|11 04 27.30|+38 12 32.0|166.1137|38.2089|998.1599|1016.2685|R_Astrodon_2018|2459020.064594907|180.0|21.4064|3.3374|32.4514|1.8800
266|2020-06-19|13:36:15|Mkn421-20200619@133614-R_Astrodon_2018_calib.fits|Mkn421|11 04 27.30|+38 12 32.0|166.1137|38.2089|999.1900|1017.8080|R_Astrodon_2018|2459020.066840278|180.0|21.3670|3.1686|31.8180|1.9137
267|2020-06-19|13:39:41|Mkn421-20200619@133940-R_Astrodon_2018_calib.fits|Mkn421|11 04 27.30|+38 12 32.0|166.1137|38.2089|1000.3315|1019.9310|R_Astrodon_2018|2459020.069224537|180.0|21.3453|3.2639|31.1460|1.9512
268|2020-06-19|13:42:55|Mkn421-20200619@134254-R_Astrodon_2018_calib.fits|Mkn421|11 04 27.30|+38 12 32.0|166.1137|38.2089|1001.2084|1021.5011|R_Astrodon_2018|2459020.071469907|180.0|21.3785|3.1698|30.5137|1.9880
269|2020-06-19|13:47:32|Mkn421-20200619@134727-R_Astrodon_2018_calib.fits|Mkn421|11 04 27.30|+38 12 32.0|166.1137|38.2089|1003.3318|1022.0568|R_Astrodon_2018|2459020.074675926|180.0|21.2060|3.1028|29.6121|2.0422
270|2020-06-19|13:50:48|Mkn421-20200619@135047-R_Astrodon_2018_calib.fits|Mkn421|11 04 27.30|+38 12 32.0|166.1137|38.2089|1004.6979|1023.6031|R_Astrodon_2018|2459020.0769444443|180.0|20.9112|3.1515|28.9749|2.0831
271|2020-06-19|13:54:02|Mkn421-20200619@135402-R_Astrodon_2018_calib.fits|Mkn421|11 04 27.30|+38 12 32.0|166.1137|38.2089|1005.8689|1024.9474|R_Astrodon_2018|2459020.0791898146|180.0|20.8783|3.1668|28.3449|2.1259
272|2020-06-19|13:57:16|Mkn421-20200619@135716-R_Astrodon_2018_calib.fits|Mkn421|11 04 27.30|+38 12 32.0|166.1137|38.2089|1007.0522|1026.6059|R_Astrodon_2018|2459020.0814351854|180.0|20.8839|3.1391|27.7158|2.1706
273|2020-06-19|14:00:31|Mkn421-20200619@140030-R_Astrodon_2018_calib.fits|Mkn421|11 04 27.30|+38 12 32.0|166.1137|38.2089|1007.9814|1027.9693|R_Astrodon_2018|2459020.0836921297|180.0|21.1906|3.5289|27.0841|2.2174
274|2020-06-19|14:03:45|Mkn421-20200619@140344-R_Astrodon_2018_calib.fits|Mkn421|11 04 27.30|+38 12 32.0|166.1137|38.2089|1008.9730|1029.0385|R_Astrodon_2018|2459020.0859375|180.0|21.2795|3.3884|26.4566|2.2665
275|2020-06-19|14:06:58|Mkn421-20200619@140658-R_Astrodon_2018_calib.fits|Mkn421|11 04 27.30|+38 12 32.0|166.1137|38.2089|1010.6128|1029.9169|R_Astrodon_2018|2459020.0881712963|180.0|21.3120|3.8195|25.8331|2.3180
276|2020-06-19|14:10:13|Mkn421-20200619@141012-R_Astrodon_2018_calib.fits|Mkn421|11 04 27.30|+38 12 32.0|166.1137|38.2089|1011.8473|1030.8046|R_Astrodon_2018|2459020.0904282406|180.0|21.2878|3.7446|25.2041|2.3721
277|2020-06-19|14:13:28|Mkn421-20200619@141327-R_Astrodon_2018_calib.fits|Mkn421|11 04 27.30|+38 12 32.0|166.1137|38.2089|1013.7189|1032.2104|R_Astrodon_2018|2459020.0926851854|180.0|21.2008|3.4351|24.5760|2.4293
278|2020-06-19|14:16:43|Mkn421-20200619@141642-R_Astrodon_2018_calib.fits|Mkn421|11 04 27.30|+38 12 32.0|166.1137|38.2089|1015.5741|1033.4693|R_Astrodon_2018|2459020.0949421297|180.0|21.1820|3.7747|23.9489|2.4894
279|2020-06-19|14:20:10|Mkn421-20200619@142010-R_Astrodon_2018_calib.fits|Mkn421|11 04 27.30|+38 12 32.0|166.1137|38.2089|1017.5423|1034.5103|R_Astrodon_2018|2459020.097337963|180.0|21.2060|4.3229|23.2843|2.5570
280|2020-06-19|14:23:25|Mkn421-20200619@142325-R_Astrodon_2018_calib.fits|Mkn421|11 04 27.30|+38 12 32.0|166.1137|38.2089|1019.3623|1035.4964|R_Astrodon_2018|2459020.0995949074|180.0|21.2119|3.6077|22.6594|2.6242
281|2020-06-19|14:26:40|Mkn421-20200619@142640-R_Astrodon_2018_calib.fits|Mkn421|11 04 27.30|+38 12 32.0|166.1137|38.2089|1021.3322|1035.8659|R_Astrodon_2018|2459020.1018518517|180.0|21.2350|4.0660|22.0355|2.6950
282|2020-06-19|14:29:55|Mkn421-20200619@142954-R_Astrodon_2018_calib.fits|Mkn421|11 04 27.30|+38 12 32.0|166.1137|38.2089|1023.1645|1035.9967|R_Astrodon_2018|2459020.1041087965|180.0|21.0699|4.0888|21.4128|2.7700
283|2020-06-20|12:21:46|Mkn421-20200620@122141-R_Astrodon_2018_calib.fits|Mkn421|11 04 27.30|+38 12 32.0|166.1137|38.2089|993.1472|974.1669|R_Astrodon_2018|2459021.0151157407|180.0|21.3769|3.9050|45.6926|1.4055
284|2020-06-20|12:25:02|Mkn421-20200620@122501-R_Astrodon_2018_calib.fits|Mkn421|11 04 27.30|+38 12 32.0|166.1137|38.2089|995.0665|976.9155|R_Astrodon_2018|2459021.017384259|180.0|21.3200|3.3900|45.0510|1.4211
285|2020-06-20|12:28:15|Mkn421-20200620@122815-R_Astrodon_2018_calib.fits|Mkn421|11 04 27.30|+38 12 32.0|166.1137|38.2089|995.0790|978.4930|R_Astrodon_2018|2459021.019618056|180.0|21.3067|3.3678|44.4188|1.4373
286|2020-06-20|12:31:29|Mkn421-20200620@123129-R_Astrodon_2018_calib.fits|Mkn421|11 04 27.30|+38 12 32.0|166.1137|38.2089|995.8169|980.7671|R_Astrodon_2018|2459021.021863426|180.0|20.9421|3.7090|43.7829|1.4540
287|2020-06-20|12:34:43|Mkn421-20200620@123442-R_Astrodon_2018_calib.fits|Mkn421|11 04 27.30|+38 12 32.0|166.1137|38.2089|996.1724|982.3652|R_Astrodon_2018|2459021.0241087964|180.0|21.2289|3.7112|43.1468|1.4713
288|2020-06-20|12:37:57|Mkn421-20200620@123756-R_Astrodon_2018_calib.fits|Mkn421|11 04 27.30|+38 12 32.0|166.1137|38.2089|996.9807|984.7706|R_Astrodon_2018|2459021.0263541667|180.0|21.2270|2.7622|42.5103|1.4893
289|2020-06-20|12:41:11|Mkn421-20200620@124110-R_Astrodon_2018_calib.fits|Mkn421|11 04 27.30|+38 12 32.0|166.1137|38.2089|997.7596|986.3658|R_Astrodon_2018|2459021.028599537|180.0|21.3996|2.9615|41.8737|1.5079
290|2020-06-20|12:44:25|Mkn421-20200620@124424-R_Astrodon_2018_calib.fits|Mkn421|11 04 27.30|+38 12 32.0|166.1137|38.2089|998.1247|988.4951|R_Astrodon_2018|2459021.0308449073|180.0|21.3623|2.9498|41.2370|1.5271
291|2020-06-20|12:47:39|Mkn421-20200620@124739-R_Astrodon_2018_calib.fits|Mkn421|11 04 27.30|+38 12 32.0|166.1137|38.2089|998.8636|990.5124|R_Astrodon_2018|2459021.0330902776|180.0|21.3463|2.7626|40.6001|1.5471
292|2020-06-20|12:50:54|Mkn421-20200620@125053-R_Astrodon_2018_calib.fits|Mkn421|11 04 27.30|+38 12 32.0|166.1137|38.2089|999.6110|991.7432|R_Astrodon_2018|2459021.0353472224|180.0|21.3855|3.1028|39.9599|1.5677
293|2020-06-20|12:54:07|Mkn421-20200620@125407-R_Astrodon_2018_calib.fits|Mkn421|11 04 27.30|+38 12 32.0|166.1137|38.2089|1000.3950|993.9953|R_Astrodon_2018|2459021.0375810186|180.0|21.3779|2.8260|39.3263|1.5891
294|2020-06-20|12:57:21|Mkn421-20200620@125720-R_Astrodon_2018_calib.fits|Mkn421|11 04 27.30|+38 12 32.0|166.1137|38.2089|1000.6642|996.2933|R_Astrodon_2018|2459021.039826389|180.0|21.3837|2.5234|38.6895|1.6114
295|2020-06-20|13:00:36|Mkn421-20200620@130036-R_Astrodon_2018_calib.fits|Mkn421|11 04 27.30|+38 12 32.0|166.1137|38.2089|1001.3742|998.3343|R_Astrodon_2018|2459021.0420833332|180.0|21.3539|2.6501|38.0495|1.6345
296|2020-06-20|13:03:50|Mkn421-20200620@130350-R_Astrodon_2018_calib.fits|Mkn421|11 04 27.30|+38 12 32.0|166.1137|38.2089|1002.4509|1000.1408|R_Astrodon_2018|2459021.0443287035|180.0|21.2344|2.7014|37.4129|1.6583
297|2020-06-20|13:07:04|Mkn421-20200620@130703-R_Astrodon_2018_calib.fits|Mkn421|11 04 27.30|+38 12 32.0|166.1137|38.2089|1003.0986|1001.6763|R_Astrodon_2018|2459021.046574074|180.0|21.3503|2.8245|36.7766|1.6832
298|2020-06-20|13:10:19|Mkn421-20200620@131018-R_Astrodon_2018_calib.fits|Mkn421|11 04 27.30|+38 12 32.0|166.1137|38.2089|1003.7020|1003.7135|R_Astrodon_2018|2459021.0488310186|180.0|21.2639|2.7053|36.1371|1.7089
299|2020-06-20|13:13:32|Mkn421-20200620@131332-R_Astrodon_2018_calib.fits|Mkn421|11 04 27.30|+38 12 32.0|166.1137|38.2089|1004.6866|1006.2123|R_Astrodon_2018|2459021.051064815|180.0|21.2252|2.7448|35.5046|1.7356
300|2020-06-20|13:16:46|Mkn421-20200620@131646-R_Astrodon_2018_calib.fits|Mkn421|11 04 27.30|+38 12 32.0|166.1137|38.2089|1005.1667|1008.1436|R_Astrodon_2018|2459021.053310185|180.0|21.2540|2.9477|34.8690|1.7634
301|2020-06-20|13:20:00|Mkn421-20200620@132000-R_Astrodon_2018_calib.fits|Mkn421|11 04 27.30|+38 12 32.0|166.1137|38.2089|1006.2529|1010.7040|R_Astrodon_2018|2459021.0555555555|180.0|21.3261|2.7089|34.2338|1.7923
302|2020-06-20|13:23:14|Mkn421-20200620@132313-R_Astrodon_2018_calib.fits|Mkn421|11 04 27.30|+38 12 32.0|166.1137|38.2089|1006.8990|1012.9664|R_Astrodon_2018|2459021.057800926|180.0|21.3759|2.5484|33.5991|1.8224
303|2020-06-20|13:26:28|Mkn421-20200620@132628-R_Astrodon_2018_calib.fits|Mkn421|11 04 27.30|+38 12 32.0|166.1137|38.2089|1007.6511|1015.0057|R_Astrodon_2018|2459021.060046296|180.0|21.3084|2.5166|32.9647|1.8537
304|2020-06-20|13:29:42|Mkn421-20200620@132942-R_Astrodon_2018_calib.fits|Mkn421|11 04 27.30|+38 12 32.0|166.1137|38.2089|1008.5701|1017.1267|R_Astrodon_2018|2459021.062291667|180.0|21.3571|2.5524|32.3309|1.8864
305|2020-06-20|13:32:56|Mkn421-20200620@133256-R_Astrodon_2018_calib.fits|Mkn421|11 04 27.30|+38 12 32.0|166.1137|38.2089|1009.6764|1019.2249|R_Astrodon_2018|2459021.064537037|180.0|21.3234|3.3595|31.6975|1.9204
306|2020-06-20|13:36:22|Mkn421-20200620@133621-R_Astrodon_2018_calib.fits|Mkn421|11 04 27.30|+38 12 32.0|166.1137|38.2089|1010.5527|1020.9735|R_Astrodon_2018|2459021.0669212965|180.0|21.3247|2.6965|31.0256|1.9579
307|2020-06-20|13:39:36|Mkn421-20200620@133935-R_Astrodon_2018_calib.fits|Mkn421|11 04 27.30|+38 12 32.0|166.1137|38.2089|1011.5164|1023.0450|R_Astrodon_2018|2459021.069166667|180.0|21.3994|2.5162|30.3935|1.9951
308|2020-06-20|13:42:51|Mkn421-20200620@134250-R_Astrodon_2018_calib.fits|Mkn421|11 04 27.30|+38 12 32.0|166.1137|38.2089|1012.5603|1024.8349|R_Astrodon_2018|2459021.071423611|180.0|21.3698|2.8481|29.7587|2.0339
309|2020-06-20|13:46:05|Mkn421-20200620@134604-R_Astrodon_2018_calib.fits|Mkn421|11 04 27.30|+38 12 32.0|166.1137|38.2089|1013.8025|1026.3676|R_Astrodon_2018|2459021.0736689814|180.0|21.3734|2.5364|29.1279|2.0745
310|2020-06-20|13:49:19|Mkn421-20200620@134919-R_Astrodon_2018_calib.fits|Mkn421|11 04 27.30|+38 12 32.0|166.1137|38.2089|1014.9104|1027.7833|R_Astrodon_2018|2459021.0759143517|180.0|21.3806|2.5692|28.4978|2.1168
311|2020-06-20|13:52:34|Mkn421-20200620@135233-R_Astrodon_2018_calib.fits|Mkn421|11 04 27.30|+38 12 32.0|166.1137|38.2089|1015.9164|1029.0514|R_Astrodon_2018|2459021.0781712965|180.0|21.3748|2.7731|27.8652|2.1613
312|2020-06-20|13:55:49|Mkn421-20200620@135548-R_Astrodon_2018_calib.fits|Mkn421|11 04 27.30|+38 12 32.0|166.1137|38.2089|1017.3336|1030.5680|R_Astrodon_2018|2459021.080428241|180.0|21.3747|3.2228|27.2333|2.2078
313|2020-06-20|13:59:04|Mkn421-20200620@135903-R_Astrodon_2018_calib.fits|Mkn421|11 04 27.30|+38 12 32.0|166.1137|38.2089|1018.5453|1031.9493|R_Astrodon_2018|2459021.082685185|180.0|21.3780|2.9410|26.6023|2.2565
314|2020-06-20|14:02:18|Mkn421-20200620@140218-R_Astrodon_2018_calib.fits|Mkn421|11 04 27.30|+38 12 32.0|166.1137|38.2089|1019.7546|1033.5202|R_Astrodon_2018|2459021.0849305554|180.0|21.3694|2.5025|25.9754|2.3077
315|2020-06-20|14:05:33|Mkn421-20200620@140532-R_Astrodon_2018_calib.fits|Mkn421|11 04 27.30|+38 12 32.0|166.1137|38.2089|1021.3082|1034.4691|R_Astrodon_2018|2459021.0871875|180.0|21.3730|3.0359|25.3462|2.3612
316|2020-06-20|14:08:47|Mkn421-20200620@140847-R_Astrodon_2018_calib.fits|Mkn421|11 04 27.30|+38 12 32.0|166.1137|38.2089|1022.8324|1035.6395|R_Astrodon_2018|2459021.0894328705|180.0|21.2772|3.1821|24.7211|2.4179
317|2020-06-20|14:12:02|Mkn421-20200620@141201-R_Astrodon_2018_calib.fits|Mkn421|11 04 27.30|+38 12 32.0|166.1137|38.2089|1024.5003|1036.7602|R_Astrodon_2018|2459021.091689815|180.0|20.9258|3.0723|24.0938|2.4773
318|2020-06-20|14:15:28|Mkn421-20200620@141527-R_Astrodon_2018_calib.fits|Mkn421|11 04 27.30|+38 12 32.0|166.1137|38.2089|1026.2404|1037.8876|R_Astrodon_2018|2459021.094074074|180.0|21.2030|3.4948|23.4322|2.5434
319|2020-06-20|14:18:42|Mkn421-20200620@141841-R_Astrodon_2018_calib.fits|Mkn421|11 04 27.30|+38 12 32.0|166.1137|38.2089|1028.0881|1038.4866|R_Astrodon_2018|2459021.0963194445|180.0|21.3328|3.4245|22.8102|2.6094
320|2020-06-20|14:21:56|Mkn421-20200620@142155-R_Astrodon_2018_calib.fits|Mkn421|11 04 27.30|+38 12 32.0|166.1137|38.2089|1029.7790|1039.2311|R_Astrodon_2018|2459021.098564815|180.0|21.3539|3.2296|22.1893|2.6792
321|2020-06-20|14:25:10|Mkn421-20200620@142509-R_Astrodon_2018_calib.fits|Mkn421|11 04 27.30|+38 12 32.0|166.1137|38.2089|1031.9681|1039.8860|R_Astrodon_2018|2459021.100810185|180.0|21.3350|3.0057|21.5695|2.7529
322|2020-06-20|14:28:23|Mkn421-20200620@142823-R_Astrodon_2018_calib.fits|Mkn421|11 04 27.30|+38 12 32.0|166.1137|38.2089|1033.7868|1039.7370|R_Astrodon_2018|2459021.1030439814|180.0|21.3116|2.8659|20.9540|2.8309
323|2020-06-20|14:31:38|Mkn421-20200620@143137-R_Astrodon_2018_calib.fits|Mkn421|11 04 27.30|+38 12 32.0|166.1137|38.2089|1035.6860|1040.4806|R_Astrodon_2018|2459021.105300926|180.0|21.2922|2.8226|20.3333|2.9136
324|2020-06-20|14:34:52|Mkn421-20200620@143451-R_Astrodon_2018_calib.fits|Mkn421|11 04 27.30|+38 12 32.0|166.1137|38.2089|1038.1595|1040.0655|R_Astrodon_2018|2459021.1075462964|180.0|21.2468|3.1150|19.7171|3.0015
325|2020-06-22|13:06:04|Mkn421-20200622@130558-R_Astrodon_2018_calib.fits|Mkn421|11 04 27.30|+38 12 32.0|166.1137|38.2089|901.7549|1052.7034|R_Astrodon_2018|2459023.0458796294|180.0|21.3456|3.6746|35.4265|1.7381
326|2020-06-22|13:09:19|Mkn421-20200622@130918-R_Astrodon_2018_calib.fits|Mkn421|11 04 27.30|+38 12 32.0|166.1137|38.2089|903.2709|1053.9418|R_Astrodon_2018|2459023.048136574|180.0|21.3127|3.3242|34.7877|1.7660
327|2020-06-22|13:12:33|Mkn421-20200622@131233-R_Astrodon_2018_calib.fits|Mkn421|11 04 27.30|+38 12 32.0|166.1137|38.2089|904.7375|1055.5341|R_Astrodon_2018|2459023.0503819445|180.0|21.3893|3.3876|34.1526|1.7950
328|2020-06-22|13:15:47|Mkn421-20200622@131546-R_Astrodon_2018_calib.fits|Mkn421|11 04 27.30|+38 12 32.0|166.1137|38.2089|905.4784|1057.2409|R_Astrodon_2018|2459023.052627315|180.0|21.3458|3.4189|33.5179|1.8252
329|2020-06-22|13:19:01|Mkn421-20200622@131900-R_Astrodon_2018_calib.fits|Mkn421|11 04 27.30|+38 12 32.0|166.1137|38.2089|906.5581|1058.6122|R_Astrodon_2018|2459023.054872685|180.0|21.3122|3.4235|32.8836|1.8566
330|2020-06-22|13:22:15|Mkn421-20200622@132214-R_Astrodon_2018_calib.fits|Mkn421|11 04 27.30|+38 12 32.0|166.1137|38.2089|907.0917|1059.5456|R_Astrodon_2018|2459023.0571180554|180.0|20.4978|3.3481|32.2498|1.8894
331|2020-06-22|13:25:29|Mkn421-20200622@132529-R_Astrodon_2018_calib.fits|Mkn421|11 04 27.30|+38 12 32.0|166.1137|38.2089|907.8326|1060.8883|R_Astrodon_2018|2459023.0593634257|180.0|21.1965|3.5661|31.6165|1.9234
332|2020-06-22|14:32:26|Mkn421-20200622@143221-R_Astrodon_2018_calib.fits|Mkn421|11 04 27.30|+38 12 32.0|166.1137|38.2089|1015.8675|1111.2473|R_Astrodon_2018|2459023.1058564815|180.0|21.2228|3.5925|18.6850|3.1539
333|2020-06-22|14:37:03|Mkn421-20200622@143658-R_Astrodon_2018_calib.fits|Mkn421|11 04 27.30|+38 12 32.0|166.1137|38.2089|1019.7444|1109.1553|R_Astrodon_2018|2459023.1090625|180.0|21.2019|3.1762|17.8104|3.3034
334|2020-06-22|14:40:19|Mkn421-20200622@144019-R_Astrodon_2018_calib.fits|Mkn421|11 04 27.30|+38 12 32.0|166.1137|38.2089|1022.3522|1108.1865|R_Astrodon_2018|2459023.1113310186|180.0|21.1678|3.6908|17.1933|3.4181
335|2020-06-22|14:43:35|Mkn421-20200622@144335-R_Astrodon_2018_calib.fits|Mkn421|11 04 27.30|+38 12 32.0|166.1137|38.2089|1024.8416|1106.8159|R_Astrodon_2018|2459023.113599537|180.0|21.2070|3.6174|16.5776|3.5412
336|2020-06-22|14:46:51|Mkn421-20200622@144650-R_Astrodon_2018_calib.fits|Mkn421|11 04 27.30|+38 12 32.0|166.1137|38.2089|1028.0273|1103.4185|R_Astrodon_2018|2459023.1158680557|180.0|20.9286|4.3688|15.9635|3.6734
337|2020-06-22|14:50:07|Mkn421-20200622@145006-R_Astrodon_2018_calib.fits|Mkn421|11 04 27.30|+38 12 32.0|166.1137|38.2089|1030.9404|1100.8847|R_Astrodon_2018|2459023.118136574|180.0|20.7204|4.5209|15.3508|3.8160
338|2020-06-24|13:12:51|Mkn421-20200624@131247-R_Astrodon_2018_calib.fits|Mkn421|11 04 27.30|+38 12 32.0|166.1137|38.2089|1002.9564|1048.5391|R_Astrodon_2018|2459025.0505902776|180.0|20.9292|2.9863|32.5509|1.8738
339|2020-06-24|13:16:07|Mkn421-20200624@131606-R_Astrodon_2018_calib.fits|Mkn421|11 04 27.30|+38 12 32.0|166.1137|38.2089|1004.1967|1049.9578|R_Astrodon_2018|2459025.0528587964|180.0|20.4446|2.8901|31.9109|1.9074
340|2020-06-24|13:19:21|Mkn421-20200624@131921-R_Astrodon_2018_calib.fits|Mkn421|11 04 27.30|+38 12 32.0|166.1137|38.2089|1004.8838|1051.2499|R_Astrodon_2018|2459025.0551041667|180.0|20.7908|2.5719|31.2779|1.9423
341|2020-06-24|13:22:35|Mkn421-20200624@132235-R_Astrodon_2018_calib.fits|Mkn421|11 04 27.30|+38 12 32.0|166.1137|38.2089|1005.5941|1052.8182|R_Astrodon_2018|2459025.057349537|180.0|20.8341|2.8306|30.6455|1.9789
342|2020-06-24|13:25:50|Mkn421-20200624@132550-R_Astrodon_2018_calib.fits|Mkn421|11 04 27.30|+38 12 32.0|166.1137|38.2089|1006.7541|1053.9627|R_Astrodon_2018|2459025.0596064813|180.0|20.5211|2.6499|30.0105|2.0169
343|2020-06-24|13:29:05|Mkn421-20200624@132904-R_Astrodon_2018_calib.fits|Mkn421|11 04 27.30|+38 12 32.0|166.1137|38.2089|1007.8303|1056.5311|R_Astrodon_2018|2459025.061863426|180.0|20.2923|2.6094|29.3761|2.0567
344|2020-06-24|13:32:19|Mkn421-20200624@133219-R_Astrodon_2018_calib.fits|Mkn421|11 04 27.30|+38 12 32.0|166.1137|38.2089|1008.6636|1058.0247|R_Astrodon_2018|2459025.0641087964|180.0|20.2010|2.7236|28.7457|2.0983
345|2020-06-24|13:35:34|Mkn421-20200624@133533-R_Astrodon_2018_calib.fits|Mkn421|11 04 27.30|+38 12 32.0|166.1137|38.2089|1010.0316|1059.5761|R_Astrodon_2018|2459025.0663657407|180.0|20.3218|2.7374|28.1128|2.1419
346|2020-06-24|13:38:49|Mkn421-20200624@133848-R_Astrodon_2018_calib.fits|Mkn421|11 04 27.30|+38 12 32.0|166.1137|38.2089|1011.5764|1060.6571|R_Astrodon_2018|2459025.068622685|180.0|20.5746|2.5979|27.4807|2.1876
347|2020-06-24|13:42:04|Mkn421-20200624@134204-R_Astrodon_2018_calib.fits|Mkn421|11 04 27.30|+38 12 32.0|166.1137|38.2089|1012.4836|1062.2159|R_Astrodon_2018|2459025.07087963|180.0|20.7115|2.7747|26.8493|2.2355
348|2020-06-24|13:45:19|Mkn421-20200624@134519-R_Astrodon_2018_calib.fits|Mkn421|11 04 27.30|+38 12 32.0|166.1137|38.2089|1013.7205|1063.3201|R_Astrodon_2018|2459025.073136574|180.0|20.7779|2.7872|26.2189|2.2856
349|2020-06-24|13:48:34|Mkn421-20200624@134833-R_Astrodon_2018_calib.fits|Mkn421|11 04 27.30|+38 12 32.0|166.1137|38.2089|1014.8184|1063.6524|R_Astrodon_2018|2459025.0753935184|180.0|20.7334|2.8175|25.5893|2.3381
350|2020-06-24|13:51:51|Mkn421-20200624@135151-R_Astrodon_2018_calib.fits|Mkn421|11 04 27.30|+38 12 32.0|166.1137|38.2089|1016.1171|1065.0445|R_Astrodon_2018|2459025.077673611|180.0|20.7111|2.7780|24.9542|2.3945
351|2020-06-24|13:55:07|Mkn421-20200624@135506-R_Astrodon_2018_calib.fits|Mkn421|11 04 27.30|+38 12 32.0|166.1137|38.2089|1017.1975|1066.3603|R_Astrodon_2018|2459025.0799421296|180.0|20.8450|2.6221|24.3233|2.4530
352|2020-06-24|13:58:22|Mkn421-20200624@135822-R_Astrodon_2018_calib.fits|Mkn421|11 04 27.30|+38 12 32.0|166.1137|38.2089|1018.8039|1066.9841|R_Astrodon_2018|2459025.082199074|180.0|20.8510|3.0658|23.6966|2.5143
353|2020-06-24|14:01:36|Mkn421-20200624@140136-R_Astrodon_2018_calib.fits|Mkn421|11 04 27.30|+38 12 32.0|166.1137|38.2089|1020.2745|1068.1001|R_Astrodon_2018|2459025.0844444446|180.0|20.1121|2.7872|23.0741|2.5792
354|2020-06-24|14:04:52|Mkn421-20200624@140451-R_Astrodon_2018_calib.fits|Mkn421|11 04 27.30|+38 12 32.0|166.1137|38.2089|1021.7089|1068.9086|R_Astrodon_2018|2459025.086712963|180.0|20.2784|3.0560|22.4463|2.6475
355|2020-06-24|14:08:07|Mkn421-20200624@140806-R_Astrodon_2018_calib.fits|Mkn421|11 04 27.30|+38 12 32.0|166.1137|38.2089|1023.3309|1068.8397|R_Astrodon_2018|2459025.0889699073|180.0|20.5233|3.1901|21.8229|2.7197
356|2020-06-24|14:12:38|Mkn421-20200624@141234-R_Astrodon_2018_calib.fits|Mkn421|11 04 27.30|+38 12 32.0|166.1137|38.2089|1025.8122|1069.0800|R_Astrodon_2018|2459025.0921064815|180.0|20.5551|2.9043|20.9583|2.8253
357|2020-06-24|14:15:53|Mkn421-20200624@141552-R_Astrodon_2018_calib.fits|Mkn421|11 04 27.30|+38 12 32.0|166.1137|38.2089|1027.6632|1068.7134|R_Astrodon_2018|2459025.094363426|180.0|20.5071|2.9147|20.3377|2.9080
358|2020-06-24|14:19:08|Mkn421-20200624@141908-R_Astrodon_2018_calib.fits|Mkn421|11 04 27.30|+38 12 32.0|166.1137|38.2089|1029.4414|1068.8473|R_Astrodon_2018|2459025.09662037|180.0|20.2353|3.0868|19.7182|2.9960
359|2020-06-24|14:22:23|Mkn421-20200624@142222-R_Astrodon_2018_calib.fits|Mkn421|11 04 27.30|+38 12 32.0|166.1137|38.2089|1031.6931|1068.7240|R_Astrodon_2018|2459025.098877315|180.0|20.2442|2.9201|19.1001|3.0895
360|2020-06-24|14:25:42|Mkn421-20200624@142542-R_Astrodon_2018_calib.fits|Mkn421|11 04 27.30|+38 12 32.0|166.1137|38.2089|1033.7717|1068.1864|R_Astrodon_2018|2459025.1011805558|180.0|20.1489|3.1216|18.4706|3.1916
361|2020-06-24|14:28:57|Mkn421-20200624@142857-R_Astrodon_2018_calib.fits|Mkn421|11 04 27.30|+38 12 32.0|166.1137|38.2089|1036.5199|1066.5456|R_Astrodon_2018|2459025.1034375|180.0|19.9272|3.2807|17.8551|3.2978
362|2020-06-24|14:32:12|Mkn421-20200624@143211-R_Astrodon_2018_calib.fits|Mkn421|11 04 27.30|+38 12 32.0|166.1137|38.2089|1038.3069|1066.5014|R_Astrodon_2018|2459025.1056944444|180.0|19.7384|2.9903|17.2410|3.4114
363|2020-06-24|14:35:26|Mkn421-20200624@143526-R_Astrodon_2018_calib.fits|Mkn421|11 04 27.30|+38 12 32.0|166.1137|38.2089|1040.9162|1065.1170|R_Astrodon_2018|2459025.1079398147|180.0|19.8022|3.2107|16.6315|3.5330
364|2020-06-24|14:38:40|Mkn421-20200624@143840-R_Astrodon_2018_calib.fits|Mkn421|11 04 27.30|+38 12 32.0|166.1137|38.2089|1044.5445|1061.8501|R_Astrodon_2018|2459025.110185185|180.0|19.8495|3.2367|16.0235|3.6642
365|2020-06-24|14:41:56|Mkn421-20200624@144155-R_Astrodon_2018_calib.fits|Mkn421|11 04 27.30|+38 12 32.0|166.1137|38.2089|1047.6982|1060.5402|R_Astrodon_2018|2459025.112453704|180.0|19.2068|3.3385|15.4107|3.8054
366|2020-06-29|14:27:28|3C345-20200629@142727-R_Astrodon_2018_calib.fits|3C345|16 42 58.80|+39 48 37.0|250.7450|39.8103|1015.9033|1027.1506|R_Astrodon_2018|2459030.1024074075|180.0|20.9173|2.0903|73.0936|1.0456
367|2020-06-29|14:30:43|3C345-20200629@143042-R_Astrodon_2018_calib.fits|3C345|16 42 58.80|+39 48 37.0|250.7450|39.8103|1016.3668|1025.4982|R_Astrodon_2018|2459030.104664352|180.0|20.8886|2.1002|72.9043|1.0468
368|2020-06-29|14:44:30|3C371-20200629@144425-R_Astrodon_2018_calib.fits|3C371|18 06 50.70|+69 49 28.0|271.7112|69.8244|1019.0215|1149.6608|R_Astrodon_2018|2459030.1142361113|180.0|21.3038|2.3082|43.1374|1.4586
369|2020-06-29|14:11:38|4C38-41-20200629@141137-R_Astrodon_2018_calib.fits|4C38-41|16 35 15.50|+38 08 04.0|248.8146|38.1344|1023.4913|1030.8127|R_Astrodon_2018|2459030.091412037|180.0|21.0569|1.9435|75.0988|1.0350
370|2020-06-29|14:14:51|4C38-41-20200629@141451-R_Astrodon_2018_calib.fits|4C38-41|16 35 15.50|+38 08 04.0|248.8146|38.1344|1023.9237|1029.6391|R_Astrodon_2018|2459030.0936458334|180.0|21.1195|1.9256|74.9617|1.0358
371|2020-06-29|14:40:14|4C51-37-20200629@144009-R_Astrodon_2018_calib.fits|4C51-37|17 40 37.00|+52 11 43.0|265.1542|52.1953|1002.5733|1062.2738|R_Astrodon_2018|2459030.111273148|180.0|21.5038|2.4787|60.8984|1.1431
372|2020-06-29|14:08:02|DA406-20200629@140757-R_Astrodon_2018_calib.fits|DA406|16 13 41.00|+34 12 48.0|243.4208|34.2133|1030.8922|1138.1550|R_Astrodon_2018|2459030.088912037|180.0|21.2368|2.0107|77.3797|1.0256
373|2020-06-29|14:20:01|Mkn501-20200629@142001-R_Astrodon_2018_calib.fits|Mkn501|16 53 52.20|+39 45 37.0|253.4675|39.7603|1010.9052|1032.3778|R_Astrodon_2018|2459030.0972337965|180.0|21.0734|1.9365|73.7020|1.0417
374|2020-06-29|14:23:17|Mkn501-20200629@142316-R_Astrodon_2018_calib.fits|Mkn501|16 53 52.20|+39 45 37.0|253.4675|39.7603|1011.5264|1031.2880|R_Astrodon_2018|2459030.099502315|180.0|21.1773|2.1440|73.6680|1.0420
