1.ID|2.DateObs|3.TimeObs|4.Filename|5.Object|6.RA_hhmmss|7.DEC_ddmmss|8.RA_deg|9.DEC_deg|10.RA_pix|11.Dec_pix|12.FilterName|13.JD|14.ExpTime_sec|15.Zmag|16.FWHM|17.Altitude|18.Airmass
1|2020-08-06|17:27:56|3C371-20200806@172751-R_Astrodon_2018_calib.fits|3C371|18 06 50.70|+69 49 28.0|271.7112|69.8244|1045.8155|1073.4554|R_Astrodon_2018|2459068.2277314817|180.0|20.9478|2.3898|29.8781|2.0166
2|2020-08-06|17:31:11|3C371-20200806@173110-R_Astrodon_2018_calib.fits|3C371|18 06 50.70|+69 49 28.0|271.7112|69.8244|1046.1063|1074.0759|R_Astrodon_2018|2459068.229988426|180.0|20.8297|2.3437|29.6043|2.0337
3|2020-08-06|17:50:34|3C66A-20200806@175029-R_Astrodon_2018_calib.fits|3C66A|02 22 39.60|+43 02 08.0|35.6650|43.0356|996.6969|1039.8001|R_Astrodon_2018|2459068.243449074|180.0|21.6293|2.2689|43.6186|1.4393
4|2020-08-06|18:31:41|3C66A-20200806@183135-R_Astrodon_2018_calib.fits|3C66A|02 22 39.60|+43 02 08.0|35.6650|43.0356|990.0682|1048.9463|R_Astrodon_2018|2459068.2720023147|180.0|21.6276|1.9685|50.9772|1.2808
5|2020-08-06|17:20:24|4C51-37-20200806@172020-R_Astrodon_2018_calib.fits|4C51-37|17 40 37.00|+52 11 43.0|265.1542|52.1953|1022.2188|1023.8252|R_Astrodon_2018|2459068.2225|180.0|21.3003|2.5108|29.5273|2.0473
6|2020-08-06|17:23:39|4C51-37-20200806@172338-R_Astrodon_2018_calib.fits|4C51-37|17 40 37.00|+52 11 43.0|265.1542|52.1953|1022.8172|1024.4331|R_Astrodon_2018|2459068.2247569445|180.0|21.2330|2.3928|29.0280|2.0798
7|2020-08-06|18:24:05|AO0235+16-20200806@182400-R_Astrodon_2018_calib.fits|AO0235+16|02 38 38.90|+16 36 59.0|39.6621|16.6164|1092.4012|894.5133|R_Astrodon_2018|2459068.266724537|180.0|21.7104|2.1628|45.4901|1.3898
8|2020-08-06|18:27:20|AO0235+16-20200806@182720-R_Astrodon_2018_calib.fits|AO0235+16|02 38 38.90|+16 36 59.0|39.6621|16.6164|1091.9744|892.8977|R_Astrodon_2018|2459068.2689814814|180.0|21.7078|2.0320|46.2374|1.3726
9|2020-08-06|17:36:52|CTA102-20200806@173647-R_Astrodon_2018_calib.fits|CTA102|22 32 36.40|+11 43 51.0|338.1517|11.7308|1022.9455|1023.0971|R_Astrodon_2018|2459068.2339351852|180.0|20.4887|2.1808|77.9937|1.0224
10|2020-08-06|17:40:06|CTA102-20200806@174006-R_Astrodon_2018_calib.fits|CTA102|22 32 36.40|+11 43 51.0|338.1517|11.7308|1024.3565|1021.9773|R_Astrodon_2018|2459068.2361805555|180.0|20.9782|2.2034|77.8083|1.0232
11|2020-08-06|18:15:55|ES2344+514-20200806@181550-R_Astrodon_2018_calib.fits|ES2344+514|23 47 04.00|+51 42 18.0|356.7667|51.7050|1022.3498|1027.7695|R_Astrodon_2018|2459068.261053241|180.0|21.7072|2.3716|61.3673|1.1394
12|2020-08-06|18:19:11|ES2344+514-20200806@181910-R_Astrodon_2018_calib.fits|ES2344+514|23 47 04.00|+51 42 18.0|356.7667|51.7050|1022.3878|1030.3359|R_Astrodon_2018|2459068.263321759|180.0|21.6972|2.3575|61.4650|1.1385
13|2020-08-06|18:06:46|L-Lacertae-20200806@180641-R_Astrodon_2018_calib.fits|L-Lacertae|22 02 43.30|+42 16 40.0|330.6804|42.2778|1021.6432|1023.4186|R_Astrodon_2018|2459068.254699074|180.0|21.4784|2.1868|66.1704|1.0960
14|2020-08-06|18:10:01|L-Lacertae-20200806@181001-R_Astrodon_2018_calib.fits|L-Lacertae|22 02 43.30|+42 16 40.0|330.6804|42.2778|1021.7085|1022.7167|R_Astrodon_2018|2459068.2569560185|180.0|21.4685|2.1374|65.7503|1.0997
15|2020-08-07|14:38:38|3C345-20200807@143833-R_Astrodon_2018_calib.fits|3C345|16 42 58.80|+39 48 37.0|250.7450|39.8103|1024.3943|1035.2450|R_Astrodon_2018|2459069.110162037|180.0|20.9243|2.4785|47.8332|1.3576
16|2020-08-07|14:41:53|3C345-20200807@144152-R_Astrodon_2018_calib.fits|3C345|16 42 58.80|+39 48 37.0|250.7450|39.8103|1024.6005|1036.8790|R_Astrodon_2018|2459069.1124189813|180.0|20.9307|2.4861|47.2137|1.3714
17|2020-08-07|14:53:38|3C371-20200807@145333-R_Astrodon_2018_calib.fits|3C371|18 06 50.70|+69 49 28.0|271.7112|69.8244|1034.1506|1078.7254|R_Astrodon_2018|2459069.120578704|180.0|21.3779|2.9813|40.5476|1.5410
18|2020-08-07|14:56:53|3C371-20200807@145652-R_Astrodon_2018_calib.fits|3C371|18 06 50.70|+69 49 28.0|271.7112|69.8244|1033.5431|1078.1030|R_Astrodon_2018|2459069.1228356482|180.0|21.3904|2.9819|40.3804|1.5464
19|2020-08-07|15:09:11|3C454-3-20200807@150911-R_Astrodon_2018_calib.fits|3C454-3|22 53 57.70|+16 08 54.0|343.4904|16.1483|1018.6192|1030.8454|R_Astrodon_2018|2459069.1313773147|180.0|20.7674|2.5353|52.9582|1.2437
20|2020-08-07|15:12:25|3C454-3-20200807@151224-R_Astrodon_2018_calib.fits|3C454-3|22 53 57.70|+16 08 54.0|343.4904|16.1483|1018.8366|1030.5175|R_Astrodon_2018|2459069.133622685|180.0|20.7853|2.5071|53.6996|1.2320
21|2020-08-07|14:20:51|4C38-41-20200807@142047-R_Astrodon_2018_calib.fits|4C38-41|16 35 15.50|+38 08 04.0|248.8146|38.1344|1022.0759|1024.1334|R_Astrodon_2018|2459069.0978125|180.0|21.2015|2.4452|50.0251|1.3128
22|2020-08-07|14:24:06|4C38-41-20200807@142405-R_Astrodon_2018_calib.fits|4C38-41|16 35 15.50|+38 08 04.0|248.8146|38.1344|1022.6862|1025.4263|R_Astrodon_2018|2459069.1000694446|180.0|21.1894|2.5595|49.3909|1.3254
23|2020-08-07|14:46:05|4C51-37-20200807@144600-R_Astrodon_2018_calib.fits|4C51-37|17 40 37.00|+52 11 43.0|265.1542|52.1953|1031.3010|1019.5879|R_Astrodon_2018|2459069.115335648|180.0|21.5232|2.5028|51.4213|1.2841
24|2020-08-07|14:49:20|4C51-37-20200807@144919-R_Astrodon_2018_calib.fits|4C51-37|17 40 37.00|+52 11 43.0|265.1542|52.1953|1031.2390|1019.9213|R_Astrodon_2018|2459069.1175925927|180.0|21.5277|2.4522|51.0099|1.2918
25|2020-08-07|15:02:24|CTA102-20200807@150219-R_Astrodon_2018_calib.fits|CTA102|22 32 36.40|+11 43 51.0|338.1517|11.7308|1023.1755|1023.2608|R_Astrodon_2018|2459069.1266666665|180.0|21.0952|2.5811|54.6794|1.2173
26|2020-08-07|15:05:39|CTA102-20200807@150538-R_Astrodon_2018_calib.fits|CTA102|22 32 36.40|+11 43 51.0|338.1517|11.7308|1023.4905|1023.2804|R_Astrodon_2018|2459069.1289236112|180.0|21.1215|2.5147|55.4059|1.2068
27|2020-08-07|15:32:36|ES2344+514-20200807@153231-R_Astrodon_2018_calib.fits|ES2344+514|23 47 04.00|+51 42 18.0|356.7667|51.7050|1028.6416|1057.3685|R_Astrodon_2018|2459069.147638889|180.0|21.6870|2.9927|44.9534|1.4072
28|2020-08-07|15:25:02|L-Lacertae-20200807@152457-R_Astrodon_2018_calib.fits|L-Lacertae|22 02 43.30|+42 16 40.0|330.6804|42.2778|935.8433|990.4930|R_Astrodon_2018|2459069.142384259|180.0|21.4981|2.5445|63.8260|1.1115
29|2020-08-07|15:28:17|L-Lacertae-20200807@152816-R_Astrodon_2018_calib.fits|L-Lacertae|22 02 43.30|+42 16 40.0|330.6804|42.2778|936.7240|992.2929|R_Astrodon_2018|2459069.144641204|180.0|21.4954|2.3589|64.2899|1.1072
30|2020-08-07|14:27:38|Mkn501-20200807@142737-R_Astrodon_2018_calib.fits|Mkn501|16 53 52.20|+39 45 37.0|253.4675|39.7603|1023.7518|1018.4811|R_Astrodon_2018|2459069.102523148|180.0|21.3742|2.5608|51.9799|1.2763
31|2020-08-07|14:30:52|Mkn501-20200807@143051-R_Astrodon_2018_calib.fits|Mkn501|16 53 52.20|+39 45 37.0|253.4675|39.7603|1023.9729|1019.1339|R_Astrodon_2018|2459069.1047685184|180.0|21.3677|2.5566|51.3717|1.2873
32|2020-08-07|15:16:59|PKS2155-304-20200807@151654-R_Astrodon_2018_calib.fits|PKS2155-304|21 58 52.00|-30 13 32.0|329.7167|-30.2256|1060.6360|1129.0274|R_Astrodon_2018|2459069.1367939813|180.0|21.0448|3.5624|31.9472|1.8697
33|2020-08-07|15:20:14|PKS2155-304-20200807@152013-R_Astrodon_2018_calib.fits|PKS2155-304|21 58 52.00|-30 13 32.0|329.7167|-30.2256|1059.4449|1130.9120|R_Astrodon_2018|2459069.139050926|180.0|21.0722|3.5534|32.2400|1.8550
34|2020-08-08|14:15:02|3C345-20200808@141501-R_Astrodon_2018_calib.fits|3C345|16 42 58.80|+39 48 37.0|250.7450|39.8103|1030.1275|1023.5833|R_Astrodon_2018|2459070.093773148|180.0|20.7956|2.3858|51.5570|1.2838
35|2020-08-08|14:18:16|3C345-20200808@141816-R_Astrodon_2018_calib.fits|3C345|16 42 58.80|+39 48 37.0|250.7450|39.8103|1030.6784|1024.8597|R_Astrodon_2018|2459070.0960185183|180.0|20.8507|2.4438|50.9482|1.2951
36|2020-08-08|14:30:03|3C371-20200808@142958-R_Astrodon_2018_calib.fits|3C371|18 06 50.70|+69 49 28.0|271.7112|69.8244|1035.6653|1080.6050|R_Astrodon_2018|2459070.104201389|180.0|20.8137|2.4944|41.4753|1.5119
37|2020-08-08|14:33:18|3C371-20200808@143317-R_Astrodon_2018_calib.fits|3C371|18 06 50.70|+69 49 28.0|271.7112|69.8244|1035.7951|1079.9918|R_Astrodon_2018|2459070.1064583333|180.0|20.4456|2.5089|41.3320|1.5163
38|2020-08-08|14:45:35|3C454-3-20200808@144534-R_Astrodon_2018_calib.fits|3C454-3|22 53 57.70|+16 08 54.0|343.4904|16.1483|1018.6407|1032.6862|R_Astrodon_2018|2459070.1149884257|180.0|20.6672|2.1515|48.4420|1.3248
39|2020-08-08|14:48:50|3C454-3-20200808@144849-R_Astrodon_2018_calib.fits|3C454-3|22 53 57.70|+16 08 54.0|343.4904|16.1483|1019.3392|1031.9368|R_Astrodon_2018|2459070.1172453705|180.0|20.7506|2.1792|49.1888|1.3100
40|2020-08-08|14:01:27|4C38-41-20200808@140126-R_Astrodon_2018_calib.fits|4C38-41|16 35 15.50|+38 08 04.0|248.8146|38.1344|1027.6397|1017.0464|R_Astrodon_2018|2459070.0843402776|180.0|20.9774|2.4426|53.0281|1.2584
41|2020-08-08|14:04:42|4C38-41-20200808@140441-R_Astrodon_2018_calib.fits|4C38-41|16 35 15.50|+38 08 04.0|248.8146|38.1344|1027.8935|1018.4449|R_Astrodon_2018|2459070.0865972224|180.0|20.6885|2.4475|52.3996|1.2692
42|2020-08-08|14:22:29|4C51-37-20200808@142224-R_Astrodon_2018_calib.fits|4C51-37|17 40 37.00|+52 11 43.0|265.1542|52.1953|1037.9886|1023.3355|R_Astrodon_2018|2459070.0989467595|180.0|21.4483|2.4651|53.7966|1.2433
43|2020-08-08|14:25:45|4C51-37-20200808@142544-R_Astrodon_2018_calib.fits|4C51-37|17 40 37.00|+52 11 43.0|265.1542|52.1953|1038.0856|1023.6928|R_Astrodon_2018|2459070.101215278|180.0|21.2799|2.4276|53.4167|1.2495
44|2020-08-08|14:38:46|CTA102-20200808@143841-R_Astrodon_2018_calib.fits|CTA102|22 32 36.40|+11 43 51.0|338.1517|11.7308|1022.9860|1023.3990|R_Astrodon_2018|2459070.1102546295|180.0|21.1373|2.3032|50.2427|1.2902
45|2020-08-08|14:42:02|CTA102-20200808@144201-R_Astrodon_2018_calib.fits|CTA102|22 32 36.40|+11 43 51.0|338.1517|11.7308|1023.5602|1022.7219|R_Astrodon_2018|2459070.1125231483|180.0|21.1603|2.1610|50.9817|1.2769
46|2020-08-08|13:54:38|DA406-20200808@135432-R_Astrodon_2018_calib.fits|DA406|16 13 41.00|+34 12 48.0|243.4208|34.2133|1090.7022|910.7323|R_Astrodon_2018|2459070.0796064814|180.0|21.3486|2.5111|50.6073|1.3024
47|2020-08-08|13:57:53|DA406-20200808@135753-R_Astrodon_2018_calib.fits|DA406|16 13 41.00|+34 12 48.0|243.4208|34.2133|1091.2430|912.5832|R_Astrodon_2018|2459070.081863426|180.0|21.3346|2.2759|49.9349|1.3155
48|2020-08-08|15:08:57|ES2344+514-20200808@150852-R_Astrodon_2018_calib.fits|ES2344+514|23 47 04.00|+51 42 18.0|356.7667|51.7050|1026.6501|1065.0073|R_Astrodon_2018|2459070.1312152776|180.0|21.4806|2.3534|42.0484|1.4828
49|2020-08-08|13:46:53|KS1510-08-20200808@134648-R_Astrodon_2018_calib.fits|KS1510-08|15 12 50.50|-09 06 00.0|228.2104|-9.1000|978.4127|1020.0547|R_Astrodon_2018|2459070.0742245372|180.0|20.9724|3.2475|25.5595|2.3455
50|2020-08-08|13:50:08|KS1510-08-20200808@135007-R_Astrodon_2018_calib.fits|KS1510-08|15 12 50.50|-09 06 00.0|228.2104|-9.1000|981.3515|1020.0349|R_Astrodon_2018|2459070.0764814815|180.0|20.9831|3.0772|24.8730|2.4071
51|2020-08-08|15:01:24|L-Lacertae-20200808@150119-R_Astrodon_2018_calib.fits|L-Lacertae|22 02 43.30|+42 16 40.0|330.6804|42.2778|937.4181|985.4625|R_Astrodon_2018|2459070.125972222|180.0|21.4797|2.2514|60.8436|1.1413
52|2020-08-08|15:04:39|L-Lacertae-20200808@150439-R_Astrodon_2018_calib.fits|L-Lacertae|22 02 43.30|+42 16 40.0|330.6804|42.2778|938.1733|987.0879|R_Astrodon_2018|2459070.128229167|180.0|21.4921|2.0904|61.3535|1.1359
53|2020-08-08|14:08:15|Mkn501-20200808@140814-R_Astrodon_2018_calib.fits|Mkn501|16 53 52.20|+39 45 37.0|253.4675|39.7603|1029.2727|1011.4834|R_Astrodon_2018|2459070.0890625|180.0|21.1178|2.4430|54.8609|1.2288
54|2020-08-08|14:11:30|Mkn501-20200808@141129-R_Astrodon_2018_calib.fits|Mkn501|16 53 52.20|+39 45 37.0|253.4675|39.7603|1029.8092|1012.8111|R_Astrodon_2018|2459070.0913194446|180.0|21.2341|2.4127|54.2588|1.2382
55|2020-08-08|14:53:22|PKS2155-304-20200808@145317-R_Astrodon_2018_calib.fits|PKS2155-304|21 58 52.00|-30 13 32.0|329.7167|-30.2256|1063.5258|1125.4757|R_Astrodon_2018|2459070.1203935184|180.0|20.2775|2.5970|29.9871|1.9758
56|2020-08-08|14:56:37|PKS2155-304-20200808@145636-R_Astrodon_2018_calib.fits|PKS2155-304|21 58 52.00|-30 13 32.0|329.7167|-30.2256|1063.2833|1125.9588|R_Astrodon_2018|2459070.122650463|180.0|20.7274|2.6075|30.3321|1.9558
57|2020-08-09|14:21:57|3C345-20200809@142157-R_Astrodon_2018_calib.fits|3C345|16 42 58.80|+39 48 37.0|250.7450|39.8103|1030.1862|1021.5545|R_Astrodon_2018|2459071.098576389|180.0|20.9507|2.5366|49.5089|1.3227
58|2020-08-09|14:25:12|3C345-20200809@142511-R_Astrodon_2018_calib.fits|3C345|16 42 58.80|+39 48 37.0|250.7450|39.8103|1030.6327|1022.9059|R_Astrodon_2018|2459071.1008333336|180.0|20.9521|2.4078|48.8924|1.3354
59|2020-08-09|14:37:00|3C371-20200809@143655-R_Astrodon_2018_calib.fits|3C371|18 06 50.70|+69 49 28.0|271.7112|69.8244|1034.3464|1081.8794|R_Astrodon_2018|2459071.109027778|180.0|21.4144|2.3357|40.9795|1.5273
60|2020-08-09|14:40:16|3C371-20200809@144016-R_Astrodon_2018_calib.fits|3C371|18 06 50.70|+69 49 28.0|271.7112|69.8244|1034.3838|1080.7268|R_Astrodon_2018|2459071.111296296|180.0|21.4201|2.3240|40.8219|1.5323
61|2020-08-09|14:52:32|3C454-3-20200809@145231-R_Astrodon_2018_calib.fits|3C454-3|22 53 57.70|+16 08 54.0|343.4904|16.1483|1017.2858|1032.1491|R_Astrodon_2018|2459071.119814815|180.0|20.8357|2.2524|50.9418|1.2777
62|2020-08-09|14:55:46|3C454-3-20200809@145546-R_Astrodon_2018_calib.fits|3C454-3|22 53 57.70|+16 08 54.0|343.4904|16.1483|1017.8647|1031.2431|R_Astrodon_2018|2459071.1220601853|180.0|20.8415|2.1643|51.6841|1.2647
63|2020-08-09|14:08:21|4C38-41-20200809@140820-R_Astrodon_2018_calib.fits|4C38-41|16 35 15.50|+38 08 04.0|248.8146|38.1344|1026.9730|1014.7578|R_Astrodon_2018|2459071.0891319443|180.0|21.2507|2.4807|50.9281|1.2956
64|2020-08-09|14:11:36|4C38-41-20200809@141135-R_Astrodon_2018_calib.fits|4C38-41|16 35 15.50|+38 08 04.0|248.8146|38.1344|1027.5393|1016.3626|R_Astrodon_2018|2459071.0913888887|180.0|21.2476|2.4332|50.2954|1.3076
65|2020-08-09|14:29:25|4C51-37-20200809@142920-R_Astrodon_2018_calib.fits|4C51-37|17 40 37.00|+52 11 43.0|265.1542|52.1953|1037.8892|1019.4600|R_Astrodon_2018|2459071.1037615743|180.0|21.5504|2.2779|52.5099|1.2649
66|2020-08-09|14:32:41|4C51-37-20200809@143240-R_Astrodon_2018_calib.fits|4C51-37|17 40 37.00|+52 11 43.0|265.1542|52.1953|1038.0213|1020.0044|R_Astrodon_2018|2459071.1060300926|180.0|21.5355|2.2343|52.1105|1.2719
67|2020-08-09|14:45:42|CTA102-20200809@144538-R_Astrodon_2018_calib.fits|CTA102|22 32 36.40|+11 43 51.0|338.1517|11.7308|1022.1955|1022.7473|R_Astrodon_2018|2459071.1150694443|180.0|21.2016|2.2059|52.6958|1.2479
68|2020-08-09|14:48:58|CTA102-20200809@144857-R_Astrodon_2018_calib.fits|CTA102|22 32 36.40|+11 43 51.0|338.1517|11.7308|1022.7651|1023.4477|R_Astrodon_2018|2459071.117337963|180.0|21.2002|2.3041|53.4304|1.2362
69|2020-08-09|14:01:34|DA406-20200809@140128-R_Astrodon_2018_calib.fits|DA406|16 13 41.00|+34 12 48.0|243.4208|34.2133|1086.8676|910.1870|R_Astrodon_2018|2459071.084421296|180.0|21.3848|2.5317|48.3583|1.3474
70|2020-08-09|14:04:49|DA406-20200809@140448-R_Astrodon_2018_calib.fits|DA406|16 13 41.00|+34 12 48.0|243.4208|34.2133|1087.7766|912.1656|R_Astrodon_2018|2459071.086678241|180.0|21.3710|2.5030|47.6850|1.3622
71|2020-08-09|15:15:57|ES2344+514-20200809@151552-R_Astrodon_2018_calib.fits|ES2344+514|23 47 04.00|+51 42 18.0|356.7667|51.7050|1026.8832|1061.4219|R_Astrodon_2018|2459071.136076389|180.0|21.7000|2.2954|43.6690|1.4392
72|2020-08-09|13:53:49|KS1510-08-20200809@135344-R_Astrodon_2018_calib.fits|KS1510-08|15 12 50.50|-09 06 00.0|228.2104|-9.1000|913.4061|1213.6741|R_Astrodon_2018|2459071.079039352|180.0|21.0173|3.2211|23.2552|2.5610
73|2020-08-09|13:57:05|KS1510-08-20200809@135704-R_Astrodon_2018_calib.fits|KS1510-08|15 12 50.50|-09 06 00.0|228.2104|-9.1000|915.5945|1213.3011|R_Astrodon_2018|2459071.0813078703|180.0|21.0240|3.1296|22.5576|2.6365
74|2020-08-09|15:08:21|L-Lacertae-20200809@150816-R_Astrodon_2018_calib.fits|L-Lacertae|22 02 43.30|+42 16 40.0|330.6804|42.2778|934.5014|990.6430|R_Astrodon_2018|2459071.1307986113|180.0|21.5041|2.4132|62.5245|1.1239
75|2020-08-09|15:11:37|L-Lacertae-20200809@151136-R_Astrodon_2018_calib.fits|L-Lacertae|22 02 43.30|+42 16 40.0|330.6804|42.2778|934.8173|992.0436|R_Astrodon_2018|2459071.1330671296|180.0|21.5105|2.2694|63.0135|1.1191
76|2020-08-09|14:15:10|Mkn501-20200809@141509-R_Astrodon_2018_calib.fits|Mkn501|16 53 52.20|+39 45 37.0|253.4675|39.7603|1028.5518|1008.5820|R_Astrodon_2018|2459071.0938657406|180.0|21.4322|2.5999|52.8428|1.2613
77|2020-08-09|14:18:25|Mkn501-20200809@141824-R_Astrodon_2018_calib.fits|Mkn501|16 53 52.20|+39 45 37.0|253.4675|39.7603|1028.8829|1010.1236|R_Astrodon_2018|2459071.0961226854|180.0|21.4201|2.4652|52.2339|1.2719
78|2020-08-09|15:00:18|PKS2155-304-20200809@150013-R_Astrodon_2018_calib.fits|PKS2155-304|21 58 52.00|-30 13 32.0|329.7167|-30.2256|1062.2212|1128.2513|R_Astrodon_2018|2459071.125208333|180.0|21.2486|2.3172|31.1080|1.9133
79|2020-08-09|15:03:34|PKS2155-304-20200809@150333-R_Astrodon_2018_calib.fits|PKS2155-304|21 58 52.00|-30 13 32.0|329.7167|-30.2256|1061.8350|1128.9304|R_Astrodon_2018|2459071.127476852|180.0|21.2520|2.3300|31.4264|1.8964
80|2020-08-12|14:05:42|3C345-20200812@140541-R_Astrodon_2018_calib.fits|3C345|16 42 58.80|+39 48 37.0|250.7450|39.8103|1028.6860|1024.3359|R_Astrodon_2018|2459074.087291667|180.0|20.8682|3.9717|50.3518|1.3062
81|2020-08-12|14:08:57|3C345-20200812@140856-R_Astrodon_2018_calib.fits|3C345|16 42 58.80|+39 48 37.0|250.7450|39.8103|1029.5048|1026.5872|R_Astrodon_2018|2459074.089548611|180.0|20.9030|3.7039|49.7370|1.3183
82|2020-08-12|14:20:42|3C371-20200812@142037-R_Astrodon_2018_calib.fits|3C371|18 06 50.70|+69 49 28.0|271.7112|69.8244|1034.4503|1079.7873|R_Astrodon_2018|2459074.0977083333|180.0|21.4150|3.6794|41.1903|1.5207
83|2020-08-12|14:23:57|3C371-20200812@142357-R_Astrodon_2018_calib.fits|3C371|18 06 50.70|+69 49 28.0|271.7112|69.8244|1034.3746|1079.0048|R_Astrodon_2018|2459074.0999652776|180.0|21.4187|3.5409|41.0390|1.5255
84|2020-08-12|14:41:05|3C454-3-20200812@144101-R_Astrodon_2018_calib.fits|3C454-3|22 53 57.70|+16 08 54.0|343.4904|16.1483|1019.6660|1030.1995|R_Astrodon_2018|2459074.111863426|180.0|20.8258|3.2435|51.0212|1.2762
85|2020-08-12|14:44:21|3C454-3-20200812@144421-R_Astrodon_2018_calib.fits|3C454-3|22 53 57.70|+16 08 54.0|343.4904|16.1483|1020.6353|1030.4321|R_Astrodon_2018|2459074.1141319443|180.0|-9999.0000|-9999.0000|51.7711|1.2632
86|2020-08-12|14:53:25|3C454-3-20200812@145322-R_Astrodon_2018_calib.fits|3C454-3|22 53 57.70|+16 08 54.0|343.4904|16.1483|1018.5765|1028.4198|R_Astrodon_2018|2459074.120428241|180.0|20.8508|3.0107|53.8507|1.2296
87|2020-08-12|13:52:10|4C38-41-20200812@135209-R_Astrodon_2018_calib.fits|4C38-41|16 35 15.50|+38 08 04.0|248.8146|38.1344|1025.2615|1015.2228|R_Astrodon_2018|2459074.0778935184|180.0|21.0946|4.2483|51.7805|1.2800
88|2020-08-12|13:55:25|4C38-41-20200812@135524-R_Astrodon_2018_calib.fits|4C38-41|16 35 15.50|+38 08 04.0|248.8146|38.1344|1025.8980|1017.5870|R_Astrodon_2018|2459074.080150463|180.0|21.0896|3.9227|51.1494|1.2915
89|2020-08-12|14:13:10|4C51-37-20200812@141305-R_Astrodon_2018_calib.fits|4C51-37|17 40 37.00|+52 11 43.0|265.1542|52.1953|1035.1950|1019.7360|R_Astrodon_2018|2459074.092476852|180.0|21.5524|3.4847|53.0454|1.2557
90|2020-08-12|14:16:26|4C51-37-20200812@141625-R_Astrodon_2018_calib.fits|4C51-37|17 40 37.00|+52 11 43.0|265.1542|52.1953|1035.0561|1020.6853|R_Astrodon_2018|2459074.0947453706|180.0|21.5567|3.3558|52.6537|1.2624
91|2020-08-12|14:29:27|CTA102-20200812@142922-R_Astrodon_2018_calib.fits|CTA102|22 32 36.40|+11 43 51.0|338.1517|11.7308|1023.3565|1023.4378|R_Astrodon_2018|2459074.1037847223|180.0|21.1743|3.5839|51.6918|1.2646
92|2020-08-12|14:32:42|CTA102-20200812@143241-R_Astrodon_2018_calib.fits|CTA102|22 32 36.40|+11 43 51.0|338.1517|11.7308|1023.7276|1022.3528|R_Astrodon_2018|2459074.1060416666|180.0|21.1606|3.6134|52.4245|1.2523
93|2020-08-12|13:45:21|DA406-20200812@134515-R_Astrodon_2018_calib.fits|DA406|16 13 41.00|+34 12 48.0|243.4208|34.2133|1085.0041|902.9478|R_Astrodon_2018|2459074.073159722|180.0|21.2510|4.2314|49.2739|1.3286
94|2020-08-12|13:48:37|DA406-20200812@134836-R_Astrodon_2018_calib.fits|DA406|16 13 41.00|+34 12 48.0|243.4208|34.2133|1085.4547|905.2362|R_Astrodon_2018|2459074.075428241|180.0|21.2567|3.7769|48.5974|1.3427
95|2020-08-12|13:31:59|KS1510-08-20200812@133154-R_Astrodon_2018_calib.fits|KS1510-08|15 12 50.50|-09 06 00.0|228.2104|-9.1000|903.5942|1086.0567|R_Astrodon_2018|2459074.063877315|180.0|20.8713|4.9545|25.3850|2.3588
96|2020-08-12|13:35:14|KS1510-08-20200812@133513-R_Astrodon_2018_calib.fits|KS1510-08|15 12 50.50|-09 06 00.0|228.2104|-9.1000|906.6735|1086.3720|R_Astrodon_2018|2459074.066134259|180.0|-9999.0000|-9999.0000|24.6978|2.4212
97|2020-08-12|13:40:49|KS1510-08-20200812@134044-R_Astrodon_2018_calib.fits|KS1510-08|15 12 50.50|-09 06 00.0|228.2104|-9.1000|1031.6484|1030.8934|R_Astrodon_2018|2459074.070011574|180.0|20.8316|5.1545|23.5119|2.5398
98|2020-08-12|13:58:57|Mkn501-20200812@135857-R_Astrodon_2018_calib.fits|Mkn501|16 53 52.20|+39 45 37.0|253.4675|39.7603|1026.8913|1010.0735|R_Astrodon_2018|2459074.0826041666|180.0|21.3958|3.6901|53.6681|1.2477
99|2020-08-12|14:02:13|Mkn501-20200812@140212-R_Astrodon_2018_calib.fits|Mkn501|16 53 52.20|+39 45 37.0|253.4675|39.7603|1027.2551|1012.1606|R_Astrodon_2018|2459074.0848726854|180.0|21.3899|3.9616|53.0587|1.2578
100|2020-08-16|20:09:12|3C66A-20200816@200907-R_Astrodon_2018_calib.fits|3C66A|02 22 39.60|+43 02 08.0|35.6650|43.0356|1023.8050|1023.2992|R_Astrodon_2018|2459078.339722222|180.0|21.1461|3.6548|69.6383|1.0664
101|2020-08-16|20:12:28|3C66A-20200816@201227-R_Astrodon_2018_calib.fits|3C66A|02 22 39.60|+43 02 08.0|35.6650|43.0356|1023.9055|1026.7326|R_Astrodon_2018|2459078.341990741|180.0|21.1377|3.6371|69.8150|1.0653
102|2020-08-16|20:01:44|AO0235+16-20200816@200139-R_Astrodon_2018_calib.fits|AO0235+16|02 38 38.90|+16 36 59.0|39.6621|16.6164|1022.5766|1029.4587|R_Astrodon_2018|2459078.334537037|180.0|21.7259|4.2642|76.2663|1.0274
103|2020-08-16|20:04:59|AO0235+16-20200816@200458-R_Astrodon_2018_calib.fits|AO0235+16|02 38 38.90|+16 36 59.0|39.6621|16.6164|1022.2457|1033.5548|R_Astrodon_2018|2459078.3367939815|180.0|21.6959|4.1121|76.9230|1.0248
104|2020-08-18|15:19:49|3C345-20200818@151949-R_Astrodon_2018_calib.fits|3C345|16 42 58.80|+39 48 37.0|250.7450|39.8103|1025.3779|1031.5253|R_Astrodon_2018|2459080.138761574|180.0|20.6447|5.0082|31.6177|1.9272
105|2020-08-18|15:23:04|3C345-20200818@152304-R_Astrodon_2018_calib.fits|3C345|16 42 58.80|+39 48 37.0|250.7450|39.8103|1026.0590|1034.1720|R_Astrodon_2018|2459080.1410185187|180.0|20.6694|4.6128|30.9950|1.9626
106|2020-08-18|15:43:16|3C454-3-20200818@154316-R_Astrodon_2018_calib.fits|3C454-3|22 53 57.70|+16 08 54.0|343.4904|16.1483|1017.0048|1025.1352|R_Astrodon_2018|2459080.1550462963|180.0|20.5338|3.7104|70.4178|1.0580
107|2020-08-18|15:46:32|3C454-3-20200818@154632-R_Astrodon_2018_calib.fits|3C454-3|22 53 57.70|+16 08 54.0|343.4904|16.1483|1016.9425|1026.5675|R_Astrodon_2018|2459080.1573148146|180.0|20.4537|3.1523|71.1283|1.0535
108|2020-08-18|15:06:35|4C38-41-20200818@150631-R_Astrodon_2018_calib.fits|4C38-41|16 35 15.50|+38 08 04.0|248.8146|38.1344|1030.7331|1003.3910|R_Astrodon_2018|2459080.129571759|180.0|20.7943|4.4387|32.5271|1.8791
109|2020-08-18|15:09:51|4C38-41-20200818@150950-R_Astrodon_2018_calib.fits|4C38-41|16 35 15.50|+38 08 04.0|248.8146|38.1344|1031.6224|1004.3690|R_Astrodon_2018|2459080.131840278|180.0|20.7016|5.4569|31.8865|1.9132
110|2020-08-18|15:27:05|4C51-37-20200818@152701-R_Astrodon_2018_calib.fits|4C51-37|17 40 37.00|+52 11 43.0|265.1542|52.1953|1040.3434|1002.3645|R_Astrodon_2018|2459080.1438078703|180.0|20.7819|3.7974|39.6128|1.5790
111|2020-08-18|15:30:21|4C51-37-20200818@153021-R_Astrodon_2018_calib.fits|4C51-37|17 40 37.00|+52 11 43.0|265.1542|52.1953|1040.3503|1004.4633|R_Astrodon_2018|2459080.1460763887|180.0|20.7784|3.9722|39.1228|1.5958
112|2020-08-18|14:58:50|DA406-20200818@145846-R_Astrodon_2018_calib.fits|DA406|16 13 41.00|+34 12 48.0|243.4208|34.2133|970.9239|1068.2875|R_Astrodon_2018|2459080.124189815|180.0|21.0255|4.6482|29.2334|2.0709
113|2020-08-18|15:02:06|DA406-20200818@150206-R_Astrodon_2018_calib.fits|DA406|16 13 41.00|+34 12 48.0|243.4208|34.2133|972.8964|1069.2721|R_Astrodon_2018|2459080.1264583333|180.0|20.9085|5.0683|28.5666|2.1157
114|2020-08-18|15:52:22|L-Lacertae-20200818@155218-R_Astrodon_2018_calib.fits|L-Lacertae|22 02 43.30|+42 16 40.0|330.6804|42.2778|962.3048|1115.2444|R_Astrodon_2018|2459080.161365741|180.0|21.4962|3.4146|70.8631|1.0583
115|2020-08-18|15:55:39|L-Lacertae-20200818@155539-R_Astrodon_2018_calib.fits|L-Lacertae|22 02 43.30|+42 16 40.0|330.6804|42.2778|963.1385|1118.6534|R_Astrodon_2018|2459080.1636458333|180.0|21.4841|3.2129|70.9773|1.0577
116|2020-08-18|15:13:12|Mkn501-20200818@151311-R_Astrodon_2018_calib.fits|Mkn501|16 53 52.20|+39 45 37.0|253.4675|39.7603|1026.1483|1010.2075|R_Astrodon_2018|2459080.134166667|180.0|21.1670|4.2770|34.9714|1.7611
117|2020-08-18|15:16:28|Mkn501-20200818@151627-R_Astrodon_2018_calib.fits|Mkn501|16 53 52.20|+39 45 37.0|253.4675|39.7603|1026.9590|1012.6762|R_Astrodon_2018|2459080.136435185|180.0|21.1341|4.3911|34.3429|1.7898
118|2020-08-19|18:18:14|3C371-20200819@181810-R_Astrodon_2018_calib.fits|3C371|18 06 50.70|+69 49 28.0|271.7112|69.8244|1131.7727|1168.2943|R_Astrodon_2018|2459081.262662037|180.0|20.0371|2.6809|21.1758|2.7788
119|2020-08-19|18:21:30|3C371-20200819@182130-R_Astrodon_2018_calib.fits|3C371|18 06 50.70|+69 49 28.0|271.7112|69.8244|1132.4950|1169.0281|R_Astrodon_2018|2459081.2649305556|180.0|18.5563|2.5232|20.8985|2.8139
120|2020-08-19|18:33:05|3C454-3-20200819@183305-R_Astrodon_2018_calib.fits|3C454-3|22 53 57.70|+16 08 54.0|343.4904|16.1483|1029.7120|1012.0335|R_Astrodon_2018|2459081.272974537|180.0|20.2101|2.4858|66.1036|1.0972
121|2020-08-19|18:36:20|3C454-3-20200819@183620-R_Astrodon_2018_calib.fits|3C454-3|22 53 57.70|+16 08 54.0|343.4904|16.1483|1030.4770|1012.6235|R_Astrodon_2018|2459081.2752314815|180.0|20.8955|2.2747|65.3755|1.1038
122|2020-08-19|19:13:18|3C66A-20200819@191314-R_Astrodon_2018_calib.fits|3C66A|02 22 39.60|+43 02 08.0|35.6650|43.0356|983.6602|1088.2583|R_Astrodon_2018|2459081.300902778|180.0|21.6954|2.2569|65.4918|1.0973
123|2020-08-19|19:05:17|AO0235+16-20200819@190512-R_Astrodon_2018_calib.fits|AO0235+16|02 38 38.90|+16 36 59.0|39.6621|16.6164|1023.0946|1024.9806|R_Astrodon_2018|2459081.295335648|180.0|21.8138|2.3240|66.5819|1.0857
124|2020-08-19|19:08:32|AO0235+16-20200819@190832-R_Astrodon_2018_calib.fits|AO0235+16|02 38 38.90|+16 36 59.0|39.6621|16.6164|1023.3897|1025.9571|R_Astrodon_2018|2459081.2975925924|180.0|21.7953|2.2042|67.3103|1.0798
125|2020-08-19|18:26:20|CTA102-20200819@182615-R_Astrodon_2018_calib.fits|CTA102|22 32 36.40|+11 43 51.0|338.1517|11.7308|1022.2574|1024.4040|R_Astrodon_2018|2459081.268287037|180.0|19.8722|2.6187|61.0360|1.1471
126|2020-08-19|18:29:36|CTA102-20200819@182936-R_Astrodon_2018_calib.fits|CTA102|22 32 36.40|+11 43 51.0|338.1517|11.7308|1024.0202|1025.6468|R_Astrodon_2018|2459081.2705555554|180.0|19.0344|2.7087|60.3245|1.1555
127|2020-08-19|18:56:33|ES2344+514-20200819@185629-R_Astrodon_2018_calib.fits|ES2344+514|23 47 04.00|+51 42 18.0|356.7667|51.7050|1011.5558|1014.3288|R_Astrodon_2018|2459081.289270833|180.0|21.7246|2.5587|58.9435|1.1701
128|2020-08-19|18:59:50|ES2344+514-20200819@185950-R_Astrodon_2018_calib.fits|ES2344+514|23 47 04.00|+51 42 18.0|356.7667|51.7050|1011.4792|1014.4439|R_Astrodon_2018|2459081.291550926|180.0|21.6533|2.3109|58.6757|1.1737
129|2020-08-19|18:49:00|L-Lacertae-20200819@184856-R_Astrodon_2018_calib.fits|L-Lacertae|22 02 43.30|+42 16 40.0|330.6804|42.2778|1130.0649|876.4582|R_Astrodon_2018|2459081.2840277776|180.0|21.5139|2.3607|51.2559|1.2894
130|2020-08-19|18:52:17|L-Lacertae-20200819@185216-R_Astrodon_2018_calib.fits|L-Lacertae|22 02 43.30|+42 16 40.0|330.6804|42.2778|1129.6757|877.9983|R_Astrodon_2018|2459081.2863078704|180.0|21.5134|2.3739|50.6689|1.3003
131|2020-08-19|18:41:10|PKS2155-304-20200819@184106-R_Astrodon_2018_calib.fits|PKS2155-304|21 58 52.00|-30 13 32.0|329.7167|-30.2256|1023.3799|1029.4909|R_Astrodon_2018|2459081.278587963|180.0|16.6429|3.0462|23.9832|2.4651
132|2020-08-19|18:44:26|PKS2155-304-20200819@184426-R_Astrodon_2018_calib.fits|PKS2155-304|21 58 52.00|-30 13 32.0|329.7167|-30.2256|1024.9429|1029.0936|R_Astrodon_2018|2459081.2808564813|180.0|18.4122|2.6477|23.5233|2.5106
133|2020-08-20|14:20:57|3C345-20200820@142056-R_Astrodon_2018_calib.fits|3C345|16 42 58.80|+39 48 37.0|250.7450|39.8103|1030.7738|1017.4062|R_Astrodon_2018|2459082.0978819444|180.0|20.8406|3.5311|41.4276|1.5230
134|2020-08-20|14:24:11|3C345-20200820@142410-R_Astrodon_2018_calib.fits|3C345|16 42 58.80|+39 48 37.0|250.7450|39.8103|1031.3433|1019.6448|R_Astrodon_2018|2459082.1001273147|180.0|20.8436|3.3572|40.8054|1.5424
135|2020-08-20|14:35:55|3C371-20200820@143550-R_Astrodon_2018_calib.fits|3C371|18 06 50.70|+69 49 28.0|271.7112|69.8244|1020.1393|1019.0413|R_Astrodon_2018|2459082.108275463|180.0|20.7638|4.0014|38.6594|1.6057
136|2020-08-20|14:39:09|3C371-20200820@143909-R_Astrodon_2018_calib.fits|3C371|18 06 50.70|+69 49 28.0|271.7112|69.8244|1020.5016|1018.6610|R_Astrodon_2018|2459082.110520833|180.0|21.0001|4.1571|38.4578|1.6129
137|2020-08-20|14:07:42|4C38-41-20200820@140741-R_Astrodon_2018_calib.fits|4C38-41|16 35 15.50|+38 08 04.0|248.8146|38.1344|1028.2973|1011.5818|R_Astrodon_2018|2459082.0886805556|180.0|21.0370|4.4971|42.5737|1.4894
138|2020-08-20|14:10:57|4C38-41-20200820@141057-R_Astrodon_2018_calib.fits|4C38-41|16 35 15.50|+38 08 04.0|248.8146|38.1344|1029.3319|1013.1545|R_Astrodon_2018|2459082.0909375|180.0|21.0956|3.8433|41.9331|1.5082
139|2020-08-20|14:28:12|4C51-37-20200820@142809-R_Astrodon_2018_calib.fits|4C51-37|17 40 37.00|+52 11 43.0|265.1542|52.1953|1043.8810|1003.4337|R_Astrodon_2018|2459082.102916667|180.0|21.4653|3.7525|47.0104|1.3740
140|2020-08-20|14:31:29|4C51-37-20200820@143128-R_Astrodon_2018_calib.fits|4C51-37|17 40 37.00|+52 11 43.0|265.1542|52.1953|1044.2208|1004.8031|R_Astrodon_2018|2459082.105196759|180.0|21.4870|3.4616|46.5532|1.3845
141|2020-08-20|14:01:02|DA406-20200820@140058-R_Astrodon_2018_calib.fits|DA406|16 13 41.00|+34 12 48.0|243.4208|34.2133|1023.3696|1023.3848|R_Astrodon_2018|2459082.084050926|180.0|21.1967|4.1972|39.5077|1.5857
142|2020-08-20|14:04:18|DA406-20200820@140417-R_Astrodon_2018_calib.fits|DA406|16 13 41.00|+34 12 48.0|243.4208|34.2133|1023.6734|1025.8736|R_Astrodon_2018|2459082.0863194442|180.0|21.1697|4.5111|38.8320|1.6092
143|2020-08-20|14:14:20|Mkn501-20200820@141420-R_Astrodon_2018_calib.fits|Mkn501|16 53 52.20|+39 45 37.0|253.4675|39.7603|1030.2874|1001.2507|R_Astrodon_2018|2459082.093287037|180.0|21.3462|4.0313|44.7892|1.4294
144|2020-08-20|14:17:35|Mkn501-20200820@141735-R_Astrodon_2018_calib.fits|Mkn501|16 53 52.20|+39 45 37.0|253.4675|39.7603|1030.2462|1003.0038|R_Astrodon_2018|2459082.0955439815|180.0|21.3128|4.2692|44.1655|1.4457
145|2020-08-23|15:21:54|BL-Lacertae-20200823@152150-R_Astrodon_2018_calib.fits|BL-Lacertae|22 02 43.30|+42 16 40.0|330.6804|42.2778|1022.5878|1026.7089|R_Astrodon_2018|2459085.1402083333|180.0|21.4981|2.2158|70.3234|1.0616
146|2020-08-23|15:25:09|BL-Lacertae-20200823@152508-R_Astrodon_2018_calib.fits|BL-Lacertae|22 02 43.30|+42 16 40.0|330.6804|42.2778|1022.6666|1029.3773|R_Astrodon_2018|2459085.1424652776|180.0|21.5059|2.3596|70.5114|1.0605
147|2020-08-23|15:28:23|BL-Lacertae-20200823@152823-R_Astrodon_2018_calib.fits|BL-Lacertae|22 02 43.30|+42 16 40.0|330.6804|42.2778|1022.1962|1031.5507|R_Astrodon_2018|2459085.1447106483|180.0|21.5013|2.0838|70.6768|1.0595
148|2020-08-23|15:31:38|BL-Lacertae-20200823@153137-R_Astrodon_2018_calib.fits|BL-Lacertae|22 02 43.30|+42 16 40.0|330.6804|42.2778|1021.9320|1033.7160|R_Astrodon_2018|2459085.1469675926|180.0|21.5063|2.1315|70.8206|1.0587
149|2020-08-23|15:35:01|BL-Lacertae-20200823@153501-R_Astrodon_2018_calib.fits|BL-Lacertae|22 02 43.30|+42 16 40.0|330.6804|42.2778|1021.1304|1036.3565|R_Astrodon_2018|2459085.1493171295|180.0|21.5076|2.3408|70.9459|1.0580
150|2020-08-23|15:38:15|BL-Lacertae-20200823@153814-R_Astrodon_2018_calib.fits|BL-Lacertae|22 02 43.30|+42 16 40.0|330.6804|42.2778|1020.4334|1039.1369|R_Astrodon_2018|2459085.1515625|180.0|21.5099|2.2162|71.0419|1.0575
151|2020-08-23|15:41:29|BL-Lacertae-20200823@154128-R_Astrodon_2018_calib.fits|BL-Lacertae|22 02 43.30|+42 16 40.0|330.6804|42.2778|1019.8043|1041.6585|R_Astrodon_2018|2459085.1538078706|180.0|21.5083|2.2635|71.1143|1.0572
152|2020-08-23|15:55:27|BL-Lacertae-20200823@155522-R_Astrodon_2018_calib.fits|BL-Lacertae|22 02 43.30|+42 16 40.0|330.6804|42.2778|1021.7277|1023.3042|R_Astrodon_2018|2459085.1635069447|180.0|21.5084|2.0552|71.1518|1.0574
153|2020-08-23|15:58:43|BL-Lacertae-20200823@155842-R_Astrodon_2018_calib.fits|BL-Lacertae|22 02 43.30|+42 16 40.0|330.6804|42.2778|1022.1922|1021.9622|R_Astrodon_2018|2459085.165775463|180.0|21.5155|2.1935|71.0958|1.0578
154|2020-08-23|16:01:57|BL-Lacertae-20200823@160157-R_Astrodon_2018_calib.fits|BL-Lacertae|22 02 43.30|+42 16 40.0|330.6804|42.2778|1022.6787|1020.4378|R_Astrodon_2018|2459085.1680208333|180.0|21.5064|2.3549|71.0165|1.0584
155|2020-08-23|16:05:12|BL-Lacertae-20200823@160511-R_Astrodon_2018_calib.fits|BL-Lacertae|22 02 43.30|+42 16 40.0|330.6804|42.2778|1023.0768|1018.7384|R_Astrodon_2018|2459085.1702777776|180.0|21.5120|2.2429|70.9131|1.0592
156|2020-08-23|16:08:38|BL-Lacertae-20200823@160838-R_Astrodon_2018_calib.fits|BL-Lacertae|22 02 43.30|+42 16 40.0|330.6804|42.2778|1023.7035|1017.0545|R_Astrodon_2018|2459085.172662037|180.0|21.5111|2.3145|70.7786|1.0602
157|2020-08-23|16:11:53|BL-Lacertae-20200823@161153-R_Astrodon_2018_calib.fits|BL-Lacertae|22 02 43.30|+42 16 40.0|330.6804|42.2778|1024.6106|1015.6126|R_Astrodon_2018|2459085.1749189813|180.0|21.5188|2.1875|70.6278|1.0613
158|2020-08-23|16:15:08|BL-Lacertae-20200823@161507-R_Astrodon_2018_calib.fits|BL-Lacertae|22 02 43.30|+42 16 40.0|330.6804|42.2778|1024.8864|1014.1119|R_Astrodon_2018|2459085.177175926|180.0|21.5169|2.4595|70.4547|1.0625
159|2020-08-23|16:18:23|BL-Lacertae-20200823@161822-R_Astrodon_2018_calib.fits|BL-Lacertae|22 02 43.30|+42 16 40.0|330.6804|42.2778|1025.7499|1012.8271|R_Astrodon_2018|2459085.1794328704|180.0|21.5171|2.2058|70.2599|1.0639
160|2020-08-23|16:21:38|BL-Lacertae-20200823@162137-R_Astrodon_2018_calib.fits|BL-Lacertae|22 02 43.30|+42 16 40.0|330.6804|42.2778|1026.4461|1011.6350|R_Astrodon_2018|2459085.1816898147|180.0|21.5148|2.0607|70.0441|1.0654
161|2020-08-23|16:25:02|BL-Lacertae-20200823@162501-R_Astrodon_2018_calib.fits|BL-Lacertae|22 02 43.30|+42 16 40.0|330.6804|42.2778|1026.7619|1010.3466|R_Astrodon_2018|2459085.184050926|180.0|21.5222|2.1048|69.7966|1.0672
162|2020-08-23|16:28:16|BL-Lacertae-20200823@162815-R_Astrodon_2018_calib.fits|BL-Lacertae|22 02 43.30|+42 16 40.0|330.6804|42.2778|1027.2184|1009.2623|R_Astrodon_2018|2459085.1862962963|180.0|21.5202|2.2281|69.5413|1.0691
163|2020-08-23|16:31:31|BL-Lacertae-20200823@163130-R_Astrodon_2018_calib.fits|BL-Lacertae|22 02 43.30|+42 16 40.0|330.6804|42.2778|1028.3433|1008.2283|R_Astrodon_2018|2459085.1885532406|180.0|21.5171|2.2410|69.2658|1.0711
164|2020-08-23|16:34:46|BL-Lacertae-20200823@163445-R_Astrodon_2018_calib.fits|BL-Lacertae|22 02 43.30|+42 16 40.0|330.6804|42.2778|1029.0287|1007.2036|R_Astrodon_2018|2459085.1908101854|180.0|21.5209|2.0608|68.9723|1.0733
165|2020-08-23|16:38:00|BL-Lacertae-20200823@163759-R_Astrodon_2018_calib.fits|BL-Lacertae|22 02 43.30|+42 16 40.0|330.6804|42.2778|1029.5611|1006.1737|R_Astrodon_2018|2459085.1930555557|180.0|21.5213|2.1035|68.6630|1.0757
166|2020-08-23|16:41:26|BL-Lacertae-20200823@164125-R_Astrodon_2018_calib.fits|BL-Lacertae|22 02 43.30|+42 16 40.0|330.6804|42.2778|1030.3921|1005.5741|R_Astrodon_2018|2459085.1954398146|180.0|21.5188|1.9726|68.3167|1.0783
167|2020-08-23|16:44:41|BL-Lacertae-20200823@164440-R_Astrodon_2018_calib.fits|BL-Lacertae|22 02 43.30|+42 16 40.0|330.6804|42.2778|1031.0185|1004.7423|R_Astrodon_2018|2459085.1976967594|180.0|21.5277|2.0719|67.9727|1.0810
168|2020-08-23|16:47:55|BL-Lacertae-20200823@164754-R_Astrodon_2018_calib.fits|BL-Lacertae|22 02 43.30|+42 16 40.0|330.6804|42.2778|1031.8929|1004.2395|R_Astrodon_2018|2459085.1999421297|180.0|21.5279|2.0576|67.6155|1.0839
169|2020-08-23|16:51:10|BL-Lacertae-20200823@165109-R_Astrodon_2018_calib.fits|BL-Lacertae|22 02 43.30|+42 16 40.0|330.6804|42.2778|1032.5278|1003.8497|R_Astrodon_2018|2459085.202199074|180.0|21.5250|2.0485|67.2422|1.0869
170|2020-08-23|16:54:36|BL-Lacertae-20200823@165436-R_Astrodon_2018_calib.fits|BL-Lacertae|22 02 43.30|+42 16 40.0|330.6804|42.2778|1033.1737|1003.4414|R_Astrodon_2018|2459085.2045833333|180.0|21.5274|2.0061|66.8331|1.0904
171|2020-08-23|16:57:51|BL-Lacertae-20200823@165750-R_Astrodon_2018_calib.fits|BL-Lacertae|22 02 43.30|+42 16 40.0|330.6804|42.2778|1033.8080|1003.2226|R_Astrodon_2018|2459085.2068402776|180.0|21.5296|1.9369|66.4326|1.0938
172|2020-08-23|17:01:06|BL-Lacertae-20200823@170105-R_Astrodon_2018_calib.fits|BL-Lacertae|22 02 43.30|+42 16 40.0|330.6804|42.2778|1034.2200|1003.1331|R_Astrodon_2018|2459085.2090972224|180.0|21.5255|1.9844|66.0199|1.0973
173|2020-08-23|17:04:20|BL-Lacertae-20200823@170419-R_Astrodon_2018_calib.fits|BL-Lacertae|22 02 43.30|+42 16 40.0|330.6804|42.2778|1034.7515|1002.6046|R_Astrodon_2018|2459085.2113425927|180.0|21.5310|2.0515|65.5979|1.1011
174|2020-08-23|17:07:35|BL-Lacertae-20200823@170734-R_Astrodon_2018_calib.fits|BL-Lacertae|22 02 43.30|+42 16 40.0|330.6804|42.2778|1035.6908|1002.1140|R_Astrodon_2018|2459085.213599537|180.0|21.5337|2.0176|65.1629|1.1050
175|2020-08-23|17:11:00|BL-Lacertae-20200823@171059-R_Astrodon_2018_calib.fits|BL-Lacertae|22 02 43.30|+42 16 40.0|330.6804|42.2778|1036.5571|1001.7729|R_Astrodon_2018|2459085.2159722224|180.0|21.5221|2.0052|64.6944|1.1093
176|2020-08-23|17:14:14|BL-Lacertae-20200823@171413-R_Astrodon_2018_calib.fits|BL-Lacertae|22 02 43.30|+42 16 40.0|330.6804|42.2778|1037.2694|1001.4034|R_Astrodon_2018|2459085.2182175927|180.0|21.5246|1.9913|64.2411|1.1137
177|2020-08-23|17:17:29|BL-Lacertae-20200823@171729-R_Astrodon_2018_calib.fits|BL-Lacertae|22 02 43.30|+42 16 40.0|330.6804|42.2778|1037.9118|1001.3120|R_Astrodon_2018|2459085.220474537|180.0|21.5228|1.9908|63.7763|1.1182
178|2020-08-23|17:20:44|BL-Lacertae-20200823@172044-R_Astrodon_2018_calib.fits|BL-Lacertae|22 02 43.30|+42 16 40.0|330.6804|42.2778|1038.5813|1001.1893|R_Astrodon_2018|2459085.2227314813|180.0|21.5201|2.1508|63.3028|1.1229
179|2020-08-23|17:23:59|BL-Lacertae-20200823@172358-R_Astrodon_2018_calib.fits|BL-Lacertae|22 02 43.30|+42 16 40.0|330.6804|42.2778|1039.2930|1000.7435|R_Astrodon_2018|2459085.224988426|180.0|21.5218|2.1749|62.8211|1.1278
180|2020-08-23|17:27:24|BL-Lacertae-20200823@172724-R_Astrodon_2018_calib.fits|BL-Lacertae|22 02 43.30|+42 16 40.0|330.6804|42.2778|1039.9643|1000.8076|R_Astrodon_2018|2459085.227361111|180.0|21.5210|2.2774|62.3063|1.1332
181|2020-08-23|17:30:38|BL-Lacertae-20200823@173038-R_Astrodon_2018_calib.fits|BL-Lacertae|22 02 43.30|+42 16 40.0|330.6804|42.2778|1040.9646|1001.0059|R_Astrodon_2018|2459085.2296064813|180.0|21.5118|2.2881|61.8118|1.1385
182|2020-08-23|17:33:53|BL-Lacertae-20200823@173352-R_Astrodon_2018_calib.fits|BL-Lacertae|22 02 43.30|+42 16 40.0|330.6804|42.2778|1041.7298|1001.1900|R_Astrodon_2018|2459085.231863426|180.0|21.5199|2.3271|61.3078|1.1441
183|2020-08-23|17:37:08|BL-Lacertae-20200823@173707-R_Astrodon_2018_calib.fits|BL-Lacertae|22 02 43.30|+42 16 40.0|330.6804|42.2778|1042.4108|1001.4322|R_Astrodon_2018|2459085.2341203704|180.0|21.5136|2.3949|60.7973|1.1498
184|2020-08-23|17:40:35|BL-Lacertae-20200823@174034-R_Astrodon_2018_calib.fits|BL-Lacertae|22 02 43.30|+42 16 40.0|330.6804|42.2778|1043.0277|1001.5301|R_Astrodon_2018|2459085.2365162037|180.0|21.5134|2.1154|60.2487|1.1562
185|2020-08-23|17:43:49|BL-Lacertae-20200823@174349-R_Astrodon_2018_calib.fits|BL-Lacertae|22 02 43.30|+42 16 40.0|330.6804|42.2778|1043.6226|1001.8237|R_Astrodon_2018|2459085.238761574|180.0|21.5161|2.3056|59.7286|1.1624
186|2020-08-23|17:47:04|BL-Lacertae-20200823@174703-R_Astrodon_2018_calib.fits|BL-Lacertae|22 02 43.30|+42 16 40.0|330.6804|42.2778|1044.3692|1002.0285|R_Astrodon_2018|2459085.2410185183|180.0|21.5131|2.2218|59.2005|1.1688
187|2020-08-23|17:50:19|BL-Lacertae-20200823@175018-R_Astrodon_2018_calib.fits|BL-Lacertae|22 02 43.30|+42 16 40.0|330.6804|42.2778|1044.9154|1002.1249|R_Astrodon_2018|2459085.243275463|180.0|21.5140|2.3324|58.6672|1.1755
188|2020-08-23|17:53:47|BL-Lacertae-20200823@175347-R_Astrodon_2018_calib.fits|BL-Lacertae|22 02 43.30|+42 16 40.0|330.6804|42.2778|1045.7942|1002.6069|R_Astrodon_2018|2459085.2456828705|180.0|-9999.0000|-9999.0000|58.0930|1.1829
189|2020-08-24|15:37:22|BL-Lacertae-20200824@153717-R_Astrodon_2018_calib.fits|BL-Lacertae|22 02 43.30|+42 16 40.0|330.6804|42.2778|1022.6979|1027.6403|R_Astrodon_2018|2459086.150949074|180.0|21.4354|2.9872|71.1108|1.0572
190|2020-08-24|15:51:31|BL-Lacertae-20200824@155126-R_Astrodon_2018_calib.fits|BL-Lacertae|22 02 43.30|+42 16 40.0|330.6804|42.2778|1021.6621|1023.0580|R_Astrodon_2018|2459086.160775463|180.0|21.4505|2.6857|71.1518|1.0574
191|2020-08-24|15:54:47|BL-Lacertae-20200824@155446-R_Astrodon_2018_calib.fits|BL-Lacertae|22 02 43.30|+42 16 40.0|330.6804|42.2778|1021.4786|1020.9339|R_Astrodon_2018|2459086.1630439814|180.0|21.4599|2.8372|71.0958|1.0578
192|2020-08-24|15:58:02|BL-Lacertae-20200824@155801-R_Astrodon_2018_calib.fits|BL-Lacertae|22 02 43.30|+42 16 40.0|330.6804|42.2778|1021.8091|1018.8374|R_Astrodon_2018|2459086.1653009257|180.0|21.4584|2.7733|71.0161|1.0584
193|2020-08-24|16:01:16|BL-Lacertae-20200824@160116-R_Astrodon_2018_calib.fits|BL-Lacertae|22 02 43.30|+42 16 40.0|330.6804|42.2778|1022.0051|1016.9180|R_Astrodon_2018|2459086.1675462965|180.0|21.4601|2.6139|70.9132|1.0592
194|2020-08-24|16:04:42|BL-Lacertae-20200824@160442-R_Astrodon_2018_calib.fits|BL-Lacertae|22 02 43.30|+42 16 40.0|330.6804|42.2778|1022.2791|1015.1496|R_Astrodon_2018|2459086.1699305554|180.0|21.4609|2.6499|70.7787|1.0602
195|2020-08-24|16:07:57|BL-Lacertae-20200824@160756-R_Astrodon_2018_calib.fits|BL-Lacertae|22 02 43.30|+42 16 40.0|330.6804|42.2778|1022.8192|1013.5473|R_Astrodon_2018|2459086.1721875|180.0|21.4645|2.7311|70.6279|1.0613
196|2020-08-24|16:11:11|BL-Lacertae-20200824@161111-R_Astrodon_2018_calib.fits|BL-Lacertae|22 02 43.30|+42 16 40.0|330.6804|42.2778|1023.0754|1012.0135|R_Astrodon_2018|2459086.1744328705|180.0|21.4554|2.6782|70.4557|1.0625
197|2020-08-24|16:14:27|BL-Lacertae-20200824@161426-R_Astrodon_2018_calib.fits|BL-Lacertae|22 02 43.30|+42 16 40.0|330.6804|42.2778|1023.6476|1010.6330|R_Astrodon_2018|2459086.176701389|180.0|21.4436|2.5983|70.2600|1.0639
198|2020-08-24|16:17:54|BL-Lacertae-20200824@161753-R_Astrodon_2018_calib.fits|BL-Lacertae|22 02 43.30|+42 16 40.0|330.6804|42.2778|1024.3482|1009.3032|R_Astrodon_2018|2459086.179097222|180.0|21.4557|2.4189|70.0303|1.0655
199|2020-08-24|16:21:08|BL-Lacertae-20200824@162108-R_Astrodon_2018_calib.fits|BL-Lacertae|22 02 43.30|+42 16 40.0|330.6804|42.2778|1024.8487|1008.0800|R_Astrodon_2018|2459086.1813425925|180.0|21.4565|2.4776|69.7942|1.0672
200|2020-08-24|16:24:23|BL-Lacertae-20200824@162423-R_Astrodon_2018_calib.fits|BL-Lacertae|22 02 43.30|+42 16 40.0|330.6804|42.2778|1025.2888|1006.8331|R_Astrodon_2018|2459086.1835995372|180.0|21.4601|2.4023|69.5373|1.0691
201|2020-08-24|16:27:39|BL-Lacertae-20200824@162738-R_Astrodon_2018_calib.fits|BL-Lacertae|22 02 43.30|+42 16 40.0|330.6804|42.2778|1025.9389|1005.5819|R_Astrodon_2018|2459086.1858680556|180.0|21.4409|2.4029|69.2601|1.0712
202|2020-08-24|16:31:07|BL-Lacertae-20200824@163107-R_Astrodon_2018_calib.fits|BL-Lacertae|22 02 43.30|+42 16 40.0|330.6804|42.2778|1026.3947|1004.3332|R_Astrodon_2018|2459086.188275463|180.0|21.4423|2.4357|68.9460|1.0735
203|2020-08-24|16:34:22|BL-Lacertae-20200824@163421-R_Astrodon_2018_calib.fits|BL-Lacertae|22 02 43.30|+42 16 40.0|330.6804|42.2778|1027.1492|1003.1969|R_Astrodon_2018|2459086.1905324073|180.0|21.4452|2.3253|68.6336|1.0759
204|2020-08-24|16:37:36|BL-Lacertae-20200824@163736-R_Astrodon_2018_calib.fits|BL-Lacertae|22 02 43.30|+42 16 40.0|330.6804|42.2778|1027.7104|1002.5905|R_Astrodon_2018|2459086.1927777776|180.0|21.4409|2.4116|68.3065|1.0784
205|2020-08-24|16:40:51|BL-Lacertae-20200824@164051-R_Astrodon_2018_calib.fits|BL-Lacertae|22 02 43.30|+42 16 40.0|330.6804|42.2778|1028.6143|1001.6616|R_Astrodon_2018|2459086.1950347223|180.0|21.4365|2.3148|67.9620|1.0811
206|2020-08-24|16:44:17|BL-Lacertae-20200824@164417-R_Astrodon_2018_calib.fits|BL-Lacertae|22 02 43.30|+42 16 40.0|330.6804|42.2778|1029.4454|1001.4017|R_Astrodon_2018|2459086.1974189817|180.0|21.4406|2.3577|67.5818|1.0842
207|2020-08-24|16:47:33|BL-Lacertae-20200824@164733-R_Astrodon_2018_calib.fits|BL-Lacertae|22 02 43.30|+42 16 40.0|330.6804|42.2778|1030.1639|1000.9408|R_Astrodon_2018|2459086.1996875|180.0|21.4250|2.2821|67.2052|1.0873
208|2020-08-24|16:50:49|BL-Lacertae-20200824@165048-R_Astrodon_2018_calib.fits|BL-Lacertae|22 02 43.30|+42 16 40.0|330.6804|42.2778|1030.8134|1000.5584|R_Astrodon_2018|2459086.2019560183|180.0|21.4065|2.3461|66.8150|1.0905
209|2020-08-24|16:54:03|BL-Lacertae-20200824@165403-R_Astrodon_2018_calib.fits|BL-Lacertae|22 02 43.30|+42 16 40.0|330.6804|42.2778|1031.1686|999.9945|R_Astrodon_2018|2459086.204201389|180.0|21.4072|2.5010|66.4161|1.0939
210|2020-08-24|16:57:31|BL-Lacertae-20200824@165731-R_Astrodon_2018_calib.fits|BL-Lacertae|22 02 43.30|+42 16 40.0|330.6804|42.2778|1032.0313|999.3911|R_Astrodon_2018|2459086.2066087965|180.0|21.4103|2.3357|65.9750|1.0977
211|2020-08-24|17:00:46|BL-Lacertae-20200824@170046-R_Astrodon_2018_calib.fits|BL-Lacertae|22 02 43.30|+42 16 40.0|330.6804|42.2778|1032.4927|998.7365|R_Astrodon_2018|2459086.208865741|180.0|21.3964|2.3480|65.5496|1.1015
212|2020-08-24|17:04:01|BL-Lacertae-20200824@170401-R_Astrodon_2018_calib.fits|BL-Lacertae|22 02 43.30|+42 16 40.0|330.6804|42.2778|1032.9460|998.2040|R_Astrodon_2018|2459086.211122685|180.0|21.3633|2.3937|65.1133|1.1055
213|2020-08-24|17:07:16|BL-Lacertae-20200824@170715-R_Astrodon_2018_calib.fits|BL-Lacertae|22 02 43.30|+42 16 40.0|330.6804|42.2778|1033.5830|997.6565|R_Astrodon_2018|2459086.2133796294|180.0|21.3226|2.4335|64.6668|1.1096
214|2020-08-24|17:10:44|BL-Lacertae-20200824@171044-R_Astrodon_2018_calib.fits|BL-Lacertae|22 02 43.30|+42 16 40.0|330.6804|42.2778|1034.1632|997.5140|R_Astrodon_2018|2459086.215787037|180.0|21.2373|2.4334|64.1799|1.1143
215|2020-08-24|17:13:59|BL-Lacertae-20200824@171359-R_Astrodon_2018_calib.fits|BL-Lacertae|22 02 43.30|+42 16 40.0|330.6804|42.2778|1034.6808|997.4594|R_Astrodon_2018|2459086.2180439816|180.0|21.1998|2.4488|63.7139|1.1188
216|2020-08-24|17:17:14|BL-Lacertae-20200824@171713-R_Astrodon_2018_calib.fits|BL-Lacertae|22 02 43.30|+42 16 40.0|330.6804|42.2778|1035.1544|997.2534|R_Astrodon_2018|2459086.220300926|180.0|21.1861|2.4290|63.2393|1.1235
217|2020-08-24|17:20:28|BL-Lacertae-20200824@172028-R_Astrodon_2018_calib.fits|BL-Lacertae|22 02 43.30|+42 16 40.0|330.6804|42.2778|1035.8499|997.2185|R_Astrodon_2018|2459086.222546296|180.0|21.1502|2.2996|62.7590|1.1285
218|2020-08-24|17:23:56|BL-Lacertae-20200824@172355-R_Astrodon_2018_calib.fits|BL-Lacertae|22 02 43.30|+42 16 40.0|330.6804|42.2778|1036.3848|997.2496|R_Astrodon_2018|2459086.2249537036|180.0|21.1053|2.1877|62.2356|1.1339
219|2020-08-24|17:27:10|BL-Lacertae-20200824@172710-R_Astrodon_2018_calib.fits|BL-Lacertae|22 02 43.30|+42 16 40.0|330.6804|42.2778|1037.0998|997.7556|R_Astrodon_2018|2459086.227199074|180.0|21.1613|2.3130|61.7400|1.1393
220|2020-08-24|17:30:25|BL-Lacertae-20200824@173024-R_Astrodon_2018_calib.fits|BL-Lacertae|22 02 43.30|+42 16 40.0|330.6804|42.2778|1037.8561|998.1171|R_Astrodon_2018|2459086.2294560187|180.0|21.1424|2.2798|61.2351|1.1449
221|2020-08-25|16:01:23|BL-Lacertae-20200825@160118-R_Astrodon_2018_calib.fits|BL-Lacertae|22 02 43.30|+42 16 40.0|330.6804|42.2778|990.8286|979.4877|R_Astrodon_2018|2459087.167627315|180.0|21.3784|2.1610|70.7519|1.0604
222|2020-08-25|16:04:38|BL-Lacertae-20200825@160437-R_Astrodon_2018_calib.fits|BL-Lacertae|22 02 43.30|+42 16 40.0|330.6804|42.2778|990.9494|978.3554|R_Astrodon_2018|2459087.1698842593|180.0|21.3852|2.4582|70.5968|1.0615
223|2020-08-25|16:08:04|BL-Lacertae-20200825@160804-R_Astrodon_2018_calib.fits|BL-Lacertae|22 02 43.30|+42 16 40.0|330.6804|42.2778|991.7033|976.6348|R_Astrodon_2018|2459087.1722685187|180.0|21.3663|2.2342|70.4089|1.0629
224|2020-08-25|16:11:19|BL-Lacertae-20200825@161119-R_Astrodon_2018_calib.fits|BL-Lacertae|22 02 43.30|+42 16 40.0|330.6804|42.2778|992.3565|975.5474|R_Astrodon_2018|2459087.174525463|180.0|21.3413|2.1160|70.2089|1.0643
225|2020-08-25|16:14:34|BL-Lacertae-20200825@161433-R_Astrodon_2018_calib.fits|BL-Lacertae|22 02 43.30|+42 16 40.0|330.6804|42.2778|993.1288|974.1993|R_Astrodon_2018|2459087.1767824073|180.0|21.3701|2.1038|69.9881|1.0659
226|2020-08-25|16:17:48|BL-Lacertae-20200825@161748-R_Astrodon_2018_calib.fits|BL-Lacertae|22 02 43.30|+42 16 40.0|330.6804|42.2778|993.5621|973.0132|R_Astrodon_2018|2459087.1790277776|180.0|21.3642|2.3205|69.7483|1.0676
227|2020-08-25|16:21:15|BL-Lacertae-20200825@162115-R_Astrodon_2018_calib.fits|BL-Lacertae|22 02 43.30|+42 16 40.0|330.6804|42.2778|994.1887|971.8126|R_Astrodon_2018|2459087.181423611|180.0|21.3520|2.3120|69.4713|1.0697
228|2020-08-25|16:24:29|BL-Lacertae-20200825@162429-R_Astrodon_2018_calib.fits|BL-Lacertae|22 02 43.30|+42 16 40.0|330.6804|42.2778|994.9278|970.8496|R_Astrodon_2018|2459087.1836689813|180.0|21.3554|2.2021|69.1925|1.0718
229|2020-08-25|16:27:44|BL-Lacertae-20200825@162743-R_Astrodon_2018_calib.fits|BL-Lacertae|22 02 43.30|+42 16 40.0|330.6804|42.2778|995.5096|969.7410|R_Astrodon_2018|2459087.185925926|180.0|21.3331|2.2290|68.8945|1.0740
230|2020-08-25|16:30:58|BL-Lacertae-20200825@163057-R_Astrodon_2018_calib.fits|BL-Lacertae|22 02 43.30|+42 16 40.0|330.6804|42.2778|996.3147|969.0232|R_Astrodon_2018|2459087.1881712964|180.0|21.3278|2.2718|68.5809|1.0764
231|2020-08-25|16:34:13|BL-Lacertae-20200825@163412-R_Astrodon_2018_calib.fits|BL-Lacertae|22 02 43.30|+42 16 40.0|330.6804|42.2778|997.0801|968.0824|R_Astrodon_2018|2459087.1904282407|180.0|21.2751|2.3010|68.2495|1.0789
232|2020-08-25|16:37:37|BL-Lacertae-20200825@163737-R_Astrodon_2018_calib.fits|BL-Lacertae|22 02 43.30|+42 16 40.0|330.6804|42.2778|998.1399|967.4107|R_Astrodon_2018|2459087.192789352|180.0|21.2450|2.2204|67.8860|1.0818
233|2020-08-25|16:40:52|BL-Lacertae-20200825@164051-R_Astrodon_2018_calib.fits|BL-Lacertae|22 02 43.30|+42 16 40.0|330.6804|42.2778|998.9199|966.8948|R_Astrodon_2018|2459087.1950462963|180.0|21.2604|2.2102|67.5233|1.0847
234|2020-08-25|16:44:06|BL-Lacertae-20200825@164406-R_Astrodon_2018_calib.fits|BL-Lacertae|22 02 43.30|+42 16 40.0|330.6804|42.2778|999.7011|966.3991|R_Astrodon_2018|2459087.1972916666|180.0|21.2477|2.2651|67.1485|1.0878
235|2020-08-25|16:47:21|BL-Lacertae-20200825@164720-R_Astrodon_2018_calib.fits|BL-Lacertae|22 02 43.30|+42 16 40.0|330.6804|42.2778|1000.5769|966.0697|R_Astrodon_2018|2459087.199548611|180.0|21.2242|2.0876|66.7584|1.0911
236|2020-08-25|16:50:47|BL-Lacertae-20200825@165047-R_Astrodon_2018_calib.fits|BL-Lacertae|22 02 43.30|+42 16 40.0|330.6804|42.2778|1001.7186|965.8707|R_Astrodon_2018|2459087.2019328703|180.0|21.2072|2.2201|66.3325|1.0947
237|2020-08-25|16:54:02|BL-Lacertae-20200825@165401-R_Astrodon_2018_calib.fits|BL-Lacertae|22 02 43.30|+42 16 40.0|330.6804|42.2778|1002.6798|965.5257|R_Astrodon_2018|2459087.2041898146|180.0|21.2004|2.1183|65.9170|1.0983
238|2020-08-25|16:57:16|BL-Lacertae-20200825@165716-R_Astrodon_2018_calib.fits|BL-Lacertae|22 02 43.30|+42 16 40.0|330.6804|42.2778|1003.1656|965.1170|R_Astrodon_2018|2459087.2064351854|180.0|21.2265|2.3499|65.4922|1.1021
239|2020-08-25|17:00:31|BL-Lacertae-20200825@170030-R_Astrodon_2018_calib.fits|BL-Lacertae|22 02 43.30|+42 16 40.0|330.6804|42.2778|1004.1956|964.8948|R_Astrodon_2018|2459087.2086921297|180.0|21.2329|2.0188|65.0546|1.1061
240|2020-08-25|17:03:46|BL-Lacertae-20200825@170345-R_Astrodon_2018_calib.fits|BL-Lacertae|22 02 43.30|+42 16 40.0|330.6804|42.2778|1004.8230|964.4122|R_Astrodon_2018|2459087.210949074|180.0|21.1815|2.0714|64.6068|1.1103
241|2020-08-25|17:07:09|BL-Lacertae-20200825@170709-R_Astrodon_2018_calib.fits|BL-Lacertae|22 02 43.30|+42 16 40.0|330.6804|42.2778|1005.5405|964.5163|R_Astrodon_2018|2459087.2132986113|180.0|21.1288|2.0373|64.1303|1.1148
242|2020-08-25|17:10:24|BL-Lacertae-20200825@171023-R_Astrodon_2018_calib.fits|BL-Lacertae|22 02 43.30|+42 16 40.0|330.6804|42.2778|1006.4111|964.9073|R_Astrodon_2018|2459087.2155555557|180.0|21.2095|2.2233|63.6634|1.1194
243|2020-08-25|17:13:38|BL-Lacertae-20200825@171337-R_Astrodon_2018_calib.fits|BL-Lacertae|22 02 43.30|+42 16 40.0|330.6804|42.2778|1006.7535|964.9311|R_Astrodon_2018|2459087.217800926|180.0|21.2696|2.1842|63.1903|1.1241
244|2020-08-25|17:16:52|BL-Lacertae-20200825@171651-R_Astrodon_2018_calib.fits|BL-Lacertae|22 02 43.30|+42 16 40.0|330.6804|42.2778|1007.4709|964.9791|R_Astrodon_2018|2459087.2200462963|180.0|21.2745|2.2522|62.7093|1.1291
245|2020-08-25|17:20:07|BL-Lacertae-20200825@172006-R_Astrodon_2018_calib.fits|BL-Lacertae|22 02 43.30|+42 16 40.0|330.6804|42.2778|1008.1234|964.8416|R_Astrodon_2018|2459087.2223032406|180.0|21.2783|2.3223|62.2181|1.1343
246|2020-08-25|17:23:31|BL-Lacertae-20200825@172331-R_Astrodon_2018_calib.fits|BL-Lacertae|22 02 43.30|+42 16 40.0|330.6804|42.2778|1008.7281|965.2351|R_Astrodon_2018|2459087.224664352|180.0|21.2611|2.4102|61.6965|1.1399
247|2020-08-25|17:26:46|BL-Lacertae-20200825@172645-R_Astrodon_2018_calib.fits|BL-Lacertae|22 02 43.30|+42 16 40.0|330.6804|42.2778|1009.5548|965.5983|R_Astrodon_2018|2459087.226921296|180.0|21.2536|2.2982|61.1910|1.1455
248|2020-08-25|17:30:01|BL-Lacertae-20200825@173000-R_Astrodon_2018_calib.fits|BL-Lacertae|22 02 43.30|+42 16 40.0|330.6804|42.2778|1010.1566|965.9160|R_Astrodon_2018|2459087.2291782405|180.0|21.2451|2.3506|60.6791|1.1513
249|2020-08-25|17:33:15|BL-Lacertae-20200825@173314-R_Astrodon_2018_calib.fits|BL-Lacertae|22 02 43.30|+42 16 40.0|330.6804|42.2778|1010.8633|966.1386|R_Astrodon_2018|2459087.2314236113|180.0|21.2562|2.2365|60.1638|1.1573
250|2020-08-25|17:36:41|BL-Lacertae-20200825@173641-R_Astrodon_2018_calib.fits|BL-Lacertae|22 02 43.30|+42 16 40.0|330.6804|42.2778|1011.8170|966.2934|R_Astrodon_2018|2459087.23380787|180.0|21.2687|2.2896|59.6104|1.1639
251|2020-08-25|17:39:56|BL-Lacertae-20200825@173955-R_Astrodon_2018_calib.fits|BL-Lacertae|22 02 43.30|+42 16 40.0|330.6804|42.2778|1012.5911|966.6549|R_Astrodon_2018|2459087.236064815|180.0|21.2447|2.2695|59.0811|1.1704
252|2020-08-25|17:43:11|BL-Lacertae-20200825@174310-R_Astrodon_2018_calib.fits|BL-Lacertae|22 02 43.30|+42 16 40.0|330.6804|42.2778|1013.2400|967.3045|R_Astrodon_2018|2459087.2383217593|180.0|21.2791|2.2134|58.5467|1.1772
253|2020-08-25|17:46:25|BL-Lacertae-20200825@174625-R_Astrodon_2018_calib.fits|BL-Lacertae|22 02 43.30|+42 16 40.0|330.6804|42.2778|1013.9936|967.7415|R_Astrodon_2018|2459087.2405671296|180.0|21.2580|2.1190|58.0103|1.1841
254|2020-08-28|16:25:53|BL-Lacertae-20200828@162549-R_Astrodon_2018_calib.fits|BL-Lacertae|22 02 43.30|+42 16 40.0|330.6804|42.2778|993.0370|961.7960|R_Astrodon_2018|2459090.184641204|180.0|21.4199|2.5943|67.8792|1.0819
255|2020-08-28|16:29:08|BL-Lacertae-20200828@162908-R_Astrodon_2018_calib.fits|BL-Lacertae|22 02 43.30|+42 16 40.0|330.6804|42.2778|994.0746|961.4846|R_Astrodon_2018|2459090.186898148|180.0|21.4198|2.5346|67.5162|1.0848
256|2020-08-28|16:32:34|BL-Lacertae-20200828@163234-R_Astrodon_2018_calib.fits|BL-Lacertae|22 02 43.30|+42 16 40.0|330.6804|42.2778|994.9904|960.7601|R_Astrodon_2018|2459090.1892824075|180.0|21.4270|2.4410|67.1175|1.0881
257|2020-08-28|16:35:48|BL-Lacertae-20200828@163547-R_Astrodon_2018_calib.fits|BL-Lacertae|22 02 43.30|+42 16 40.0|330.6804|42.2778|995.6630|960.5079|R_Astrodon_2018|2459090.191527778|180.0|21.4208|2.4115|66.7284|1.0913
258|2020-08-28|16:39:02|BL-Lacertae-20200828@163901-R_Astrodon_2018_calib.fits|BL-Lacertae|22 02 43.30|+42 16 40.0|330.6804|42.2778|996.6077|960.3107|R_Astrodon_2018|2459090.193773148|180.0|21.4168|2.6255|66.3268|1.0948
259|2020-08-28|16:42:16|BL-Lacertae-20200828@164216-R_Astrodon_2018_calib.fits|BL-Lacertae|22 02 43.30|+42 16 40.0|330.6804|42.2778|997.3030|960.0324|R_Astrodon_2018|2459090.1960185184|180.0|21.4162|2.4040|65.9132|1.0984
260|2020-08-28|16:45:43|BL-Lacertae-20200828@164542-R_Astrodon_2018_calib.fits|BL-Lacertae|22 02 43.30|+42 16 40.0|330.6804|42.2778|998.2570|959.7138|R_Astrodon_2018|2459090.198414352|180.0|21.4173|2.4419|65.4596|1.1024
261|2020-08-28|16:48:57|BL-Lacertae-20200828@164857-R_Astrodon_2018_calib.fits|BL-Lacertae|22 02 43.30|+42 16 40.0|330.6804|42.2778|998.9441|959.4605|R_Astrodon_2018|2459090.200659722|180.0|21.4030|2.6731|65.0234|1.1064
262|2020-08-28|16:52:12|BL-Lacertae-20200828@165211-R_Astrodon_2018_calib.fits|BL-Lacertae|22 02 43.30|+42 16 40.0|330.6804|42.2778|999.7598|959.0516|R_Astrodon_2018|2459090.202916667|180.0|21.4162|2.5217|64.5749|1.1106
263|2020-08-28|16:55:26|BL-Lacertae-20200828@165525-R_Astrodon_2018_calib.fits|BL-Lacertae|22 02 43.30|+42 16 40.0|330.6804|42.2778|1000.2562|959.2194|R_Astrodon_2018|2459090.205162037|180.0|21.4290|2.3385|64.1191|1.1150
264|2020-08-28|16:58:54|BL-Lacertae-20200828@165854-R_Astrodon_2018_calib.fits|BL-Lacertae|22 02 43.30|+42 16 40.0|330.6804|42.2778|1001.0413|959.1528|R_Astrodon_2018|2459090.2075694446|180.0|21.4335|2.3686|63.6205|1.1199
265|2020-08-28|17:02:08|BL-Lacertae-20200828@170207-R_Astrodon_2018_calib.fits|BL-Lacertae|22 02 43.30|+42 16 40.0|330.6804|42.2778|1001.4971|959.2173|R_Astrodon_2018|2459090.209814815|180.0|21.4218|2.3792|63.1467|1.1246
266|2020-08-28|17:05:23|BL-Lacertae-20200828@170522-R_Astrodon_2018_calib.fits|BL-Lacertae|22 02 43.30|+42 16 40.0|330.6804|42.2778|1002.0538|959.4217|R_Astrodon_2018|2459090.212071759|180.0|21.4238|2.3560|62.6624|1.1296
267|2020-08-28|17:08:37|BL-Lacertae-20200828@170836-R_Astrodon_2018_calib.fits|BL-Lacertae|22 02 43.30|+42 16 40.0|330.6804|42.2778|1003.0255|959.7275|R_Astrodon_2018|2459090.2143171295|180.0|21.4239|2.3402|62.1731|1.1348
268|2020-08-28|17:12:03|BL-Lacertae-20200828@171203-R_Astrodon_2018_calib.fits|BL-Lacertae|22 02 43.30|+42 16 40.0|330.6804|42.2778|1003.6970|960.1898|R_Astrodon_2018|2459090.216701389|180.0|21.4099|2.5059|61.6457|1.1405
269|2020-08-28|17:15:17|BL-Lacertae-20200828@171517-R_Astrodon_2018_calib.fits|BL-Lacertae|22 02 43.30|+42 16 40.0|330.6804|42.2778|1004.4204|960.7867|R_Astrodon_2018|2459090.218946759|180.0|21.4106|2.5447|61.1421|1.1461
270|2020-08-28|17:18:32|BL-Lacertae-20200828@171831-R_Astrodon_2018_calib.fits|BL-Lacertae|22 02 43.30|+42 16 40.0|330.6804|42.2778|1005.1634|961.0217|R_Astrodon_2018|2459090.221203704|180.0|21.4091|2.5178|60.6296|1.1519
271|2020-08-28|17:21:46|BL-Lacertae-20200828@172145-R_Astrodon_2018_calib.fits|BL-Lacertae|22 02 43.30|+42 16 40.0|330.6804|42.2778|1006.1217|961.0097|R_Astrodon_2018|2459090.223449074|180.0|21.4154|2.6416|60.1137|1.1579
272|2020-08-28|17:25:13|BL-Lacertae-20200828@172512-R_Astrodon_2018_calib.fits|BL-Lacertae|22 02 43.30|+42 16 40.0|330.6804|42.2778|1007.0610|962.0192|R_Astrodon_2018|2459090.2258449076|180.0|21.4093|2.5102|59.5571|1.1646
273|2020-08-28|17:28:27|BL-Lacertae-20200828@172826-R_Astrodon_2018_calib.fits|BL-Lacertae|22 02 43.30|+42 16 40.0|330.6804|42.2778|1007.5763|962.1932|R_Astrodon_2018|2459090.228090278|180.0|21.4074|2.3648|59.0300|1.1711
274|2020-08-28|17:31:41|BL-Lacertae-20200828@173141-R_Astrodon_2018_calib.fits|BL-Lacertae|22 02 43.30|+42 16 40.0|330.6804|42.2778|1008.2627|963.1408|R_Astrodon_2018|2459090.230335648|180.0|21.4096|2.3806|58.4979|1.1778
275|2020-08-28|17:34:55|BL-Lacertae-20200828@173455-R_Astrodon_2018_calib.fits|BL-Lacertae|22 02 43.30|+42 16 40.0|330.6804|42.2778|1008.9742|963.7425|R_Astrodon_2018|2459090.2325810185|180.0|21.4003|2.3737|57.9611|1.1848
276|2020-08-28|17:38:22|BL-Lacertae-20200828@173822-R_Astrodon_2018_calib.fits|BL-Lacertae|22 02 43.30|+42 16 40.0|330.6804|42.2778|1009.6377|964.2651|R_Astrodon_2018|2459090.234976852|180.0|21.3961|2.5341|57.3834|1.1925
277|2020-08-28|17:41:37|BL-Lacertae-20200828@174136-R_Astrodon_2018_calib.fits|BL-Lacertae|22 02 43.30|+42 16 40.0|330.6804|42.2778|1010.6372|965.0488|R_Astrodon_2018|2459090.237233796|180.0|21.3924|2.2253|56.8349|1.2000
278|2020-08-28|17:44:51|BL-Lacertae-20200828@174451-R_Astrodon_2018_calib.fits|BL-Lacertae|22 02 43.30|+42 16 40.0|330.6804|42.2778|1010.9278|965.7751|R_Astrodon_2018|2459090.2394791665|180.0|21.3980|2.1845|56.2853|1.2078
279|2020-08-28|17:48:06|BL-Lacertae-20200828@174805-R_Astrodon_2018_calib.fits|BL-Lacertae|22 02 43.30|+42 16 40.0|330.6804|42.2778|1011.6751|966.6317|R_Astrodon_2018|2459090.241736111|180.0|21.4014|2.0830|55.7291|1.2158
280|2020-08-28|17:51:32|BL-Lacertae-20200828@175131-R_Astrodon_2018_calib.fits|BL-Lacertae|22 02 43.30|+42 16 40.0|330.6804|42.2778|1012.4744|967.6928|R_Astrodon_2018|2459090.2441203706|180.0|21.4011|2.0608|55.1377|1.2246
281|2020-08-28|17:54:46|BL-Lacertae-20200828@175445-R_Astrodon_2018_calib.fits|BL-Lacertae|22 02 43.30|+42 16 40.0|330.6804|42.2778|1013.1116|968.4177|R_Astrodon_2018|2459090.246365741|180.0|21.4037|2.0502|54.5775|1.2332
282|2020-08-28|17:58:00|BL-Lacertae-20200828@175759-R_Astrodon_2018_calib.fits|BL-Lacertae|22 02 43.30|+42 16 40.0|330.6804|42.2778|1013.7034|969.1101|R_Astrodon_2018|2459090.248611111|180.0|21.3897|2.0760|54.0141|1.2421
283|2020-08-28|18:01:14|BL-Lacertae-20200828@180114-R_Astrodon_2018_calib.fits|BL-Lacertae|22 02 43.30|+42 16 40.0|330.6804|42.2778|1014.6574|970.0842|R_Astrodon_2018|2459090.2508564815|180.0|21.3885|2.1284|53.4478|1.2513
284|2020-08-28|18:04:29|BL-Lacertae-20200828@180428-R_Astrodon_2018_calib.fits|BL-Lacertae|22 02 43.30|+42 16 40.0|330.6804|42.2778|1015.2504|971.2283|R_Astrodon_2018|2459090.253113426|180.0|21.3838|2.1772|52.8759|1.2608
285|2020-08-28|18:07:43|BL-Lacertae-20200828@180742-R_Astrodon_2018_calib.fits|BL-Lacertae|22 02 43.30|+42 16 40.0|330.6804|42.2778|1016.0526|972.5978|R_Astrodon_2018|2459090.255358796|180.0|21.3852|2.3098|52.3044|1.2706
286|2020-08-28|18:10:57|BL-Lacertae-20200828@181057-R_Astrodon_2018_calib.fits|BL-Lacertae|22 02 43.30|+42 16 40.0|330.6804|42.2778|1016.7667|973.4229|R_Astrodon_2018|2459090.257604167|180.0|21.3861|2.0692|51.7304|1.2807
287|2020-08-28|18:14:12|BL-Lacertae-20200828@181411-R_Astrodon_2018_calib.fits|BL-Lacertae|22 02 43.30|+42 16 40.0|330.6804|42.2778|1017.4495|974.2664|R_Astrodon_2018|2459090.259861111|180.0|21.3824|2.2773|51.1512|1.2912
288|2020-08-28|18:17:38|BL-Lacertae-20200828@181738-R_Astrodon_2018_calib.fits|BL-Lacertae|22 02 43.30|+42 16 40.0|330.6804|42.2778|1018.1725|975.2937|R_Astrodon_2018|2459090.2622453705|180.0|21.3916|2.2220|50.5370|1.3027
289|2020-08-28|18:20:53|BL-Lacertae-20200828@182052-R_Astrodon_2018_calib.fits|BL-Lacertae|22 02 43.30|+42 16 40.0|330.6804|42.2778|1018.9495|976.8309|R_Astrodon_2018|2459090.264502315|180.0|21.3789|2.2891|49.9536|1.3139
290|2020-08-30|13:09:12|3C345-20200830@130911-R_Astrodon_2018_calib.fits|3C345|16 42 58.80|+39 48 37.0|250.7450|39.8103|1029.4806|1021.2705|R_Astrodon_2018|2459092.0480555557|180.0|20.9055|2.7765|47.6430|1.3618
291|2020-08-30|13:12:25|3C345-20200830@131225-R_Astrodon_2018_calib.fits|3C345|16 42 58.80|+39 48 37.0|250.7450|39.8103|1029.9439|1023.0390|R_Astrodon_2018|2459092.050289352|180.0|20.9036|2.8430|47.0296|1.3757
292|2020-08-30|13:24:08|3C371-20200830@132403-R_Astrodon_2018_calib.fits|3C371|18 06 50.70|+69 49 28.0|271.7112|69.8244|1036.5743|1078.6979|R_Astrodon_2018|2459092.058425926|180.0|21.4180|3.0184|40.5000|1.5426
293|2020-08-30|17:40:38|3C454-3-20200830@174037-R_Astrodon_2018_calib.fits|3C454-3|22 53 57.70|+16 08 54.0|343.4904|16.1483|1030.1404|1009.3263|R_Astrodon_2018|2459092.2365509258|180.0|20.8032|2.4892|68.1521|1.0804
294|2020-08-30|17:43:52|3C454-3-20200830@174352-R_Astrodon_2018_calib.fits|3C454-3|22 53 57.70|+16 08 54.0|343.4904|16.1483|1030.8208|1009.7254|R_Astrodon_2018|2459092.238796296|180.0|20.8338|2.3642|67.4345|1.0861
295|2020-08-30|20:29:55|3C454-3-20200830@202954-R_Astrodon_2018_calib.fits|3C454-3|22 53 57.70|+16 08 54.0|343.4904|16.1483|1031.0064|994.7733|R_Astrodon_2018|2459092.3541087965|180.0|20.7717|2.8334|29.4802|2.0526
296|2020-08-30|18:21:53|3C66A-20200830@182148-R_Astrodon_2018_calib.fits|3C66A|02 22 39.60|+43 02 08.0|35.6650|43.0356|984.4445|1084.9280|R_Astrodon_2018|2459092.2651967593|180.0|21.6891|2.4378|64.4414|1.1064
297|2020-08-30|12:55:39|4C38-41-20200830@125538-R_Astrodon_2018_calib.fits|4C38-41|16 35 15.50|+38 08 04.0|248.8146|38.1344|1027.5763|1013.8265|R_Astrodon_2018|2459092.0386458333|180.0|21.1576|2.9115|49.0036|1.3332
298|2020-08-30|12:58:53|4C38-41-20200830@125852-R_Astrodon_2018_calib.fits|4C38-41|16 35 15.50|+38 08 04.0|248.8146|38.1344|1028.1652|1015.4233|R_Astrodon_2018|2459092.0408912036|180.0|21.1780|2.7884|48.3712|1.3465
299|2020-08-30|13:16:37|4C51-37-20200830@131632-R_Astrodon_2018_calib.fits|4C51-37|17 40 37.00|+52 11 43.0|265.1542|52.1953|1038.6238|1015.6097|R_Astrodon_2018|2459092.0532060186|180.0|21.5304|2.8969|51.2996|1.2864
300|2020-08-30|13:19:51|4C51-37-20200830@131950-R_Astrodon_2018_calib.fits|4C51-37|17 40 37.00|+52 11 43.0|265.1542|52.1953|1038.9788|1016.6068|R_Astrodon_2018|2459092.055451389|180.0|21.5321|2.8087|50.8889|1.2940
301|2020-08-30|18:13:54|AO0235+16-20200830@181349-R_Astrodon_2018_calib.fits|AO0235+16|02 38 38.90|+16 36 59.0|39.6621|16.6164|1023.0518|1024.5406|R_Astrodon_2018|2459092.2596527776|180.0|21.7783|2.2601|64.7510|1.1011
302|2020-08-30|18:17:08|AO0235+16-20200830@181707-R_Astrodon_2018_calib.fits|AO0235+16|02 38 38.90|+16 36 59.0|39.6621|16.6164|1023.5783|1025.0410|R_Astrodon_2018|2459092.2618981483|180.0|21.7672|2.3068|65.4802|1.0947
303|2020-08-30|20:53:13|AO0235+16-20200830@205308-R_Astrodon_2018_calib.fits|AO0235+16|02 38 38.90|+16 36 59.0|39.6621|16.6164|939.0996|935.2564|R_Astrodon_2018|2459092.370289352|180.0|21.7795|2.4718|75.1648|1.0362
304|2020-08-30|20:56:27|AO0235+16-20200830@205627-R_Astrodon_2018_calib.fits|AO0235+16|02 38 38.90|+16 36 59.0|39.6621|16.6164|940.5708|935.7941|R_Astrodon_2018|2459092.372534722|180.0|21.7407|2.2727|74.4867|1.0397
305|2020-08-30|17:57:10|BL-Lacertae-20200830@175705-R_Astrodon_2018_calib.fits|BL-Lacertae|22 02 43.30|+42 16 40.0|330.6804|42.2778|1133.6650|876.1765|R_Astrodon_2018|2459092.2480324074|180.0|21.5180|2.5899|52.7794|1.2625
306|2020-08-30|18:00:24|BL-Lacertae-20200830@180024-R_Astrodon_2018_calib.fits|BL-Lacertae|22 02 43.30|+42 16 40.0|330.6804|42.2778|1133.1820|877.4357|R_Astrodon_2018|2459092.2502777777|180.0|21.5209|2.5383|52.2074|1.2725
307|2020-08-30|20:37:33|BL-Lacertae-20200830@203728-R_Astrodon_2018_calib.fits|BL-Lacertae|22 02 43.30|+42 16 40.0|330.6804|42.2778|1063.6714|1059.6823|R_Astrodon_2018|2459092.359409722|180.0|21.4126|3.0868|23.3610|2.5456
308|2020-08-30|20:40:47|BL-Lacertae-20200830@204047-R_Astrodon_2018_calib.fits|BL-Lacertae|22 02 43.30|+42 16 40.0|330.6804|42.2778|1065.3673|1059.8675|R_Astrodon_2018|2459092.361655093|180.0|21.3965|3.2259|22.7732|2.6085
309|2020-08-30|17:33:50|CTA102-20200830@173346-R_Astrodon_2018_calib.fits|CTA102|22 32 36.40|+11 43 51.0|338.1517|11.7308|1023.4055|1023.2821|R_Astrodon_2018|2459092.2318287035|180.0|21.1509|2.5633|63.0321|1.1257
310|2020-08-30|17:37:05|CTA102-20200830@173704-R_Astrodon_2018_calib.fits|CTA102|22 32 36.40|+11 43 51.0|338.1517|11.7308|1024.4510|1023.5498|R_Astrodon_2018|2459092.2340856483|180.0|21.1546|2.4374|62.3342|1.1329
311|2020-08-30|20:23:05|CTA102-20200830@202300-R_Astrodon_2018_calib.fits|CTA102|22 32 36.40|+11 43 51.0|338.1517|11.7308|1024.5366|1022.5823|R_Astrodon_2018|2459092.3493634257|180.0|21.0797|3.0762|24.6910|2.4215
312|2020-08-30|20:26:21|CTA102-20200830@202620-R_Astrodon_2018_calib.fits|CTA102|22 32 36.40|+11 43 51.0|338.1517|11.7308|1027.1795|1022.2587|R_Astrodon_2018|2459092.3516319445|180.0|21.0553|3.2010|23.9407|2.4937
313|2020-08-30|12:48:51|DA406-20200830@124846-R_Astrodon_2018_calib.fits|DA406|16 13 41.00|+34 12 48.0|243.4208|34.2133|1038.1735|993.0024|R_Astrodon_2018|2459092.033923611|180.0|21.2992|3.0123|46.3168|1.3928
314|2020-08-30|12:52:05|DA406-20200830@125205-R_Astrodon_2018_calib.fits|DA406|16 13 41.00|+34 12 48.0|243.4208|34.2133|1038.8198|994.9825|R_Astrodon_2018|2459092.0361689813|180.0|21.3064|2.8163|45.6466|1.4090
315|2020-08-30|18:04:54|ES2344+514-20200830@180449-R_Astrodon_2018_calib.fits|ES2344+514|23 47 04.00|+51 42 18.0|356.7667|51.7050|1013.1367|1019.8685|R_Astrodon_2018|2459092.253402778|180.0|21.7560|2.3832|59.5802|1.1622
316|2020-08-30|18:08:11|ES2344+514-20200830@180810-R_Astrodon_2018_calib.fits|ES2344+514|23 47 04.00|+51 42 18.0|356.7667|51.7050|1013.0767|1019.6388|R_Astrodon_2018|2459092.2556828703|180.0|21.7398|2.4248|59.3398|1.1652
317|2020-08-30|20:45:04|ES2344+514-20200830@204459-R_Astrodon_2018_calib.fits|ES2344+514|23 47 04.00|+51 42 18.0|356.7667|51.7050|1035.8464|952.3671|R_Astrodon_2018|2459092.3646296295|180.0|21.7219|2.6913|39.7638|1.5724
318|2020-08-30|20:48:20|ES2344+514-20200830@204819-R_Astrodon_2018_calib.fits|ES2344+514|23 47 04.00|+51 42 18.0|356.7667|51.7050|1035.8286|954.0747|R_Astrodon_2018|2459092.3668981483|180.0|21.7158|2.5963|39.2678|1.5893
319|2020-08-30|13:02:26|Mkn501-20200830@130225-R_Astrodon_2018_calib.fits|Mkn501|16 53 52.20|+39 45 37.0|253.4675|39.7603|1028.5843|1007.3171|R_Astrodon_2018|2459092.0433564815|180.0|21.3929|2.7690|50.9949|1.2942
320|2020-08-30|13:05:40|Mkn501-20200830@130539-R_Astrodon_2018_calib.fits|Mkn501|16 53 52.20|+39 45 37.0|253.4675|39.7603|1029.1021|1008.8768|R_Astrodon_2018|2459092.045601852|180.0|21.3703|2.8067|50.3842|1.3058
321|2020-08-30|17:49:09|PKS2155-304-20200830@174905-R_Astrodon_2018_calib.fits|PKS2155-304|21 58 52.00|-30 13 32.0|329.7167|-30.2256|1023.6021|1028.1001|R_Astrodon_2018|2459092.2424652777|180.0|16.7933|4.2639|25.1866|2.3537
322|2020-08-30|17:52:24|PKS2155-304-20200830@175223-R_Astrodon_2018_calib.fits|PKS2155-304|21 58 52.00|-30 13 32.0|329.7167|-30.2256|1024.9299|1028.0460|R_Astrodon_2018|2459092.2447222224|180.0|15.6418|3.8077|24.7458|2.3933
323|2020-08-30|18:30:08|S5_0716+71-20200830@183003-R_Astrodon_2018_calib.fits|S5_0716+71|07 21 53.40|+71 20 36.0|110.4725|71.3433|1025.7654|1158.0201|R_Astrodon_2018|2459092.270925926|180.0|21.4421|3.0764|21.3286|2.7221
