ID|DateObs|TimeObs|Filename|Object|RA_hhmmss|DEC_ddmmss|RA_deg|DEC_deg|RA_pix|Dec_pix|FilterName|JD|ExpTime_sec|Zmag|FWHM|Altitude|Airmass
1|2020-07-07|15:24:42|3C345-20200707@152441-R_Astrodon_2018_calib.fits|3C345|16 42 58.80|+39 48 37.0|250.7450|39.8103|1026.7615|1025.8894|R_Astrodon_2018|2459038.142152778|180.0|20.9272|2.1711|61.7364|1.1393
2|2020-07-07|15:27:57|3C345-20200707@152756-R_Astrodon_2018_calib.fits|3C345|16 42 58.80|+39 48 37.0|250.7450|39.8103|1027.3572|1026.3005|R_Astrodon_2018|2459038.144409722|180.0|20.9290|2.2210|61.1767|1.1455
3|2020-07-07|15:10:47|4C38-41-20200707@151046-R_Astrodon_2018_calib.fits|4C38-41|16 35 15.50|+38 08 04.0|248.8146|38.1344|1024.7425|1020.3765|R_Astrodon_2018|2459038.132488426|180.0|21.2272|2.6024|63.5713|1.1207
4|2020-07-07|15:14:16|4C38-41-20200707@151415-R_Astrodon_2018_calib.fits|4C38-41|16 35 15.50|+38 08 04.0|248.8146|38.1344|1024.8687|1021.7392|R_Astrodon_2018|2459038.134907407|180.0|21.2335|2.0306|62.9523|1.1267
5|2020-07-07|15:32:35|4C51-37-20200707@153222-R_Astrodon_2018_calib.fits|4C51-37|17 40 37.00|+52 11 43.0|265.1542|52.1953|1029.5672|1037.1891|R_Astrodon_2018|2459038.147627315|180.0|-9999.0000|-9999.0000|59.0870|1.1673
6|2020-07-07|15:03:59|DA406-20200707@150353-R_Astrodon_2018_calib.fits|DA406|16 13 41.00|+34 12 48.0|243.4208|34.2133|1085.4197|917.5536|R_Astrodon_2018|2459038.1277662036|180.0|21.3666|2.1297|62.1515|1.1356
7|2020-07-07|15:07:15|DA406-20200707@150714-R_Astrodon_2018_calib.fits|DA406|16 13 41.00|+34 12 48.0|243.4208|34.2133|1085.8824|918.4773|R_Astrodon_2018|2459038.1300347224|180.0|21.3717|2.0858|61.4958|1.1428
8|2020-07-07|14:56:13|KS1510-08-20200707@145608-R_Astrodon_2018_calib.fits|KS1510-08|15 12 50.50|-09 06 00.0|228.2104|-9.1000|1023.4371|1050.6396|R_Astrodon_2018|2459038.122372685|180.0|21.1615|2.2992|37.0182|1.6743
9|2020-07-07|14:59:28|KS1510-08-20200707@145928-R_Astrodon_2018_calib.fits|KS1510-08|15 12 50.50|-09 06 00.0|228.2104|-9.1000|1025.4278|1051.6660|R_Astrodon_2018|2459038.12462963|180.0|21.1733|2.2117|36.3885|1.6997
10|2020-07-07|15:17:49|Mkn501-20200707@151748-R_Astrodon_2018_calib.fits|Mkn501|16 53 52.20|+39 45 37.0|253.4675|39.7603|1023.4557|1019.9911|R_Astrodon_2018|2459038.137372685|180.0|21.4057|2.1252|64.7176|1.1091
11|2020-07-07|15:21:04|Mkn501-20200707@152104-R_Astrodon_2018_calib.fits|Mkn501|16 53 52.20|+39 45 37.0|253.4675|39.7603|1023.8632|1011.4806|R_Astrodon_2018|2459038.1396296294|180.0|21.1699|3.3305|64.1902|1.1143
12|2020-07-11|13:15:15|3C273-20200711@131509-R_Astrodon_2018_calib.fits|3C273|12 29 06.70|+02 03 09.0|187.2779|2.0525|989.4983|1073.0104|R_Astrodon_2018|2459042.0522569446|180.0|21.1408|2.3936|26.1112|2.3028
13|2020-07-11|12:59:53|3C279-20200711@125948-R_Astrodon_2018_calib.fits|3C279|12 56 11.10|-05 47 22.0|194.0462|-5.7894|965.5150|1044.7597|R_Astrodon_2018|2459042.041585648|180.0|21.3046|2.4127|31.6993|1.9239
14|2020-07-11|13:03:09|3C279-20200711@130308-R_Astrodon_2018_calib.fits|3C279|12 56 11.10|-05 47 22.0|194.0462|-5.7894|967.3453|1045.1515|R_Astrodon_2018|2459042.0438541668|180.0|21.3125|2.3926|31.0087|1.9628
15|2020-07-11|17:18:52|3C345-20200711@171851-R_Astrodon_2018_calib.fits|3C345|16 42 58.80|+39 48 37.0|250.7450|39.8103|1028.8734|1017.5225|R_Astrodon_2018|2459042.221435185|180.0|20.9357|2.4517|37.4533|1.6586
16|2020-07-11|17:22:05|3C345-20200711@172205-R_Astrodon_2018_calib.fits|3C345|16 42 58.80|+39 48 37.0|250.7450|39.8103|1029.7739|1019.7488|R_Astrodon_2018|2459042.2236689813|180.0|20.9293|2.6888|36.8339|1.6830
17|2020-07-11|18:40:21|3C371-20200711@184016-R_Astrodon_2018_calib.fits|3C371|18 06 50.70|+69 49 28.0|271.7112|69.8244|1048.4088|1062.4051|R_Astrodon_2018|2459042.278020833|180.0|21.3986|2.4728|32.3396|1.8773
18|2020-07-11|12:52:10|4C29-45-20200711@125204-R_Astrodon_2018_calib.fits|4C29-45|11 59 31.80|+29 14 44.0|179.8825|29.2456|1008.5806|961.6624|R_Astrodon_2018|2459042.036226852|180.0|21.4759|2.4254|33.1155|1.8492
19|2020-07-11|12:55:24|4C29-45-20200711@125523-R_Astrodon_2018_calib.fits|4C29-45|11 59 31.80|+29 14 44.0|179.8825|29.2456|1009.2112|964.5288|R_Astrodon_2018|2459042.038472222|180.0|21.4449|2.4698|32.4202|1.8851
20|2020-07-11|17:05:11|4C38-41-20200711@170510-R_Astrodon_2018_calib.fits|4C38-41|16 35 15.50|+38 08 04.0|248.8146|38.1344|1026.0677|1008.2484|R_Astrodon_2018|2459042.2119328706|180.0|21.2082|2.6223|38.5892|1.6169
21|2020-07-11|17:08:25|4C38-41-20200711@170824-R_Astrodon_2018_calib.fits|4C38-41|16 35 15.50|+38 08 04.0|248.8146|38.1344|1026.8347|1010.5864|R_Astrodon_2018|2459042.214178241|180.0|21.2042|2.4777|37.9519|1.6404
22|2020-07-11|17:26:22|4C51-37-20200711@172617-R_Astrodon_2018_calib.fits|4C51-37|17 40 37.00|+52 11 43.0|265.1542|52.1953|1035.7476|996.6564|R_Astrodon_2018|2459042.2266435185|180.0|21.5475|2.2515|44.0502|1.4465
23|2020-07-11|17:29:37|4C51-37-20200711@172936-R_Astrodon_2018_calib.fits|4C51-37|17 40 37.00|+52 11 43.0|265.1542|52.1953|1035.9637|998.3660|R_Astrodon_2018|2459042.228900463|180.0|-9999.0000|-9999.0000|43.5799|1.4591
24|2020-07-11|18:36:03|4C51-37-20200711@183558-R_Astrodon_2018_calib.fits|4C51-37|17 40 37.00|+52 11 43.0|265.1542|52.1953|1023.4874|1024.0656|R_Astrodon_2018|2459042.2750347224|180.0|21.5015|2.3950|33.6080|1.8214
25|2020-07-11|16:58:20|DA406-20200711@165814-R_Astrodon_2018_calib.fits|DA406|16 13 41.00|+34 12 48.0|243.4208|34.2133|1067.0057|876.7663|R_Astrodon_2018|2459042.207175926|180.0|21.3318|2.5421|35.3717|1.7457
26|2020-07-11|17:01:35|DA406-20200711@170134-R_Astrodon_2018_calib.fits|DA406|16 13 41.00|+34 12 48.0|243.4208|34.2133|1067.7570|878.6860|R_Astrodon_2018|2459042.20943287|180.0|21.3394|2.5489|34.7021|1.7757
27|2020-07-11|12:44:38|Mkn421-20200711@124433-R_Astrodon_2018_calib.fits|Mkn421|11 04 27.30|+38 12 32.0|166.1137|38.2089|1074.5756|1072.2802|R_Astrodon_2018|2459042.0309953704|180.0|21.3171|2.7785|25.0268|2.3871
28|2020-07-11|12:47:53|Mkn421-20200711@124752-R_Astrodon_2018_calib.fits|Mkn421|11 04 27.30|+38 12 32.0|166.1137|38.2089|1075.9364|1073.6944|R_Astrodon_2018|2459042.0332523147|180.0|21.3373|2.9754|24.3990|2.4453
29|2020-07-11|17:12:01|Mkn501-20200711@171200-R_Astrodon_2018_calib.fits|Mkn501|16 53 52.20|+39 45 37.0|253.4675|39.7603|1026.7317|998.0392|R_Astrodon_2018|2459042.216678241|180.0|21.4025|2.8853|40.8649|1.5404
30|2020-07-11|17:15:15|Mkn501-20200711@171515-R_Astrodon_2018_calib.fits|Mkn501|16 53 52.20|+39 45 37.0|253.4675|39.7603|1027.5900|1000.3346|R_Astrodon_2018|2459042.218923611|180.0|21.4078|2.6851|40.2421|1.5606
31|2020-07-11|13:07:36|ON231-20200711@130731-R_Astrodon_2018_calib.fits|ON231|12 21 31.70|+28 13 59.0|185.3821|28.2331|1079.8186|996.9820|R_Astrodon_2018|2459042.0469444445|180.0|21.3236|2.4629|34.3396|1.7906
32|2020-07-11|13:10:50|ON231-20200711@131050-R_Astrodon_2018_calib.fits|ON231|12 21 31.70|+28 13 59.0|185.3821|28.2331|1080.7349|998.9201|R_Astrodon_2018|2459042.049189815|180.0|21.3008|2.5641|33.6376|1.8240
33|2020-07-13|16:01:54|3C345-20200713@160154-R_Astrodon_2018_calib.fits|3C345|16 42 58.80|+39 48 37.0|250.7450|39.8103|1025.7156|1034.7109|R_Astrodon_2018|2459044.1679861112|180.0|20.4293|3.3312|50.6831|1.2999
34|2020-07-13|16:05:11|3C345-20200713@160511-R_Astrodon_2018_calib.fits|3C345|16 42 58.80|+39 48 37.0|250.7450|39.8103|1026.7816|1037.0915|R_Astrodon_2018|2459044.1702662036|180.0|19.5580|3.2181|50.0628|1.3119
35|2020-07-13|16:17:29|3C371-20200713@161724-R_Astrodon_2018_calib.fits|3C371|18 06 50.70|+69 49 28.0|271.7112|69.8244|1040.8558|1073.0997|R_Astrodon_2018|2459044.1788078705|180.0|20.7742|3.3485|41.2438|1.5190
36|2020-07-13|19:46:34|3C454-3-20200713@194634-R_Astrodon_2018_calib.fits|3C454-3|22 53 57.70|+16 08 54.0|343.4904|16.1483|1031.1935|1019.2748|R_Astrodon_2018|2459044.3240046296|180.0|20.1991|2.8866|80.6584|1.0141
37|2020-07-13|19:49:49|3C454-3-20200713@194948-R_Astrodon_2018_calib.fits|3C454-3|22 53 57.70|+16 08 54.0|343.4904|16.1483|1032.0743|1017.9232|R_Astrodon_2018|2459044.326261574|180.0|20.1856|2.6908|80.1645|1.0157
38|2020-07-13|15:31:26|4C38-41-20200713@153125-R_Astrodon_2018_calib.fits|4C38-41|16 35 15.50|+38 08 04.0|248.8146|38.1344|1040.3418|1030.3316|R_Astrodon_2018|2459044.1468287036|180.0|20.9672|3.3618|55.3812|1.2223
39|2020-07-13|15:35:29|4C38-41-20200713@153528-R_Astrodon_2018_calib.fits|4C38-41|16 35 15.50|+38 08 04.0|248.8146|38.1344|1042.7473|1023.8881|R_Astrodon_2018|2459044.1496412037|180.0|21.0699|5.1199|54.6056|1.2330
40|2020-07-13|16:09:25|4C51-37-20200713@160920-R_Astrodon_2018_calib.fits|4C51-37|17 40 37.00|+52 11 43.0|265.1542|52.1953|1033.7437|1025.3486|R_Astrodon_2018|2459044.1732060187|180.0|21.1733|3.2961|53.2474|1.2523
41|2020-07-13|16:12:40|4C51-37-20200713@161239-R_Astrodon_2018_calib.fits|4C51-37|17 40 37.00|+52 11 43.0|265.1542|52.1953|1034.0250|1026.0574|R_Astrodon_2018|2459044.175462963|180.0|21.1284|3.2534|52.8608|1.2588
42|2020-07-13|19:39:45|CTA102-20200713@193940-R_Astrodon_2018_calib.fits|CTA102|22 32 36.40|+11 43 51.0|338.1517|11.7308|1024.8431|1023.4936|R_Astrodon_2018|2459044.3192708334|180.0|20.3578|3.1097|75.0102|1.0363
43|2020-07-13|19:43:00|CTA102-20200713@194300-R_Astrodon_2018_calib.fits|CTA102|22 32 36.40|+11 43 51.0|338.1517|11.7308|1026.1698|1023.0030|R_Astrodon_2018|2459044.3215277777|180.0|20.5815|3.0461|74.5166|1.0389
44|2020-07-13|15:24:37|DA406-20200713@152432-R_Astrodon_2018_calib.fits|DA406|16 13 41.00|+34 12 48.0|243.4208|34.2133|1047.9867|982.5494|R_Astrodon_2018|2459044.1420949074|180.0|20.9981|3.8145|53.1359|1.2570
45|2020-07-13|15:27:52|DA406-20200713@152751-R_Astrodon_2018_calib.fits|DA406|16 13 41.00|+34 12 48.0|243.4208|34.2133|1049.6715|978.3820|R_Astrodon_2018|2459044.1443518517|180.0|21.0794|3.7750|52.4655|1.2684
46|2020-07-13|14:26:08|KS1510-08-20200713@142603-R_Astrodon_2018_calib.fits|KS1510-08|15 12 50.50|-09 06 00.0|228.2104|-9.1000|1028.4165|1026.0000|R_Astrodon_2018|2459044.1014814815|180.0|20.8796|4.7543|38.2623|1.6274
47|2020-07-13|14:29:23|KS1510-08-20200713@142923-R_Astrodon_2018_calib.fits|KS1510-08|15 12 50.50|-09 06 00.0|228.2104|-9.1000|1037.9465|1029.2254|R_Astrodon_2018|2459044.1037384258|180.0|20.9571|5.0172|37.6418|1.6507
48|2020-07-13|15:39:58|Mkn501-20200713@153957-R_Astrodon_2018_calib.fits|Mkn501|16 53 52.20|+39 45 37.0|253.4675|39.7603|1035.0387|1053.4065|R_Astrodon_2018|2459044.1527546295|180.0|21.1903|3.7127|56.7908|1.2005
49|2020-07-13|15:58:22|Mkn501-20200713@155817-R_Astrodon_2018_calib.fits|Mkn501|16 53 52.20|+39 45 37.0|253.4675|39.7603|950.2867|929.3926|R_Astrodon_2018|2459044.1655324074|180.0|21.1386|3.7277|53.3956|1.2525
50|2020-07-13|19:54:22|PKS2155-304-20200713@195417-R_Astrodon_2018_calib.fits|PKS2155-304|21 58 52.00|-30 13 32.0|329.7167|-30.2256|987.7903|1198.4631|R_Astrodon_2018|2459044.3294212963|180.0|20.3054|4.3806|32.3359|1.8671
51|2020-07-13|19:57:37|PKS2155-304-20200713@195736-R_Astrodon_2018_calib.fits|PKS2155-304|21 58 52.00|-30 13 32.0|329.7167|-30.2256|989.4098|1196.7047|R_Astrodon_2018|2459044.3316782406|180.0|20.4057|3.8420|32.0462|1.8825
52|2020-07-14|17:22:38|3C345-20200714@172238-R_Astrodon_2018_calib.fits|3C345|16 42 58.80|+39 48 37.0|250.7450|39.8103|1031.0763|1008.7876|R_Astrodon_2018|2459045.224050926|180.0|20.3483|3.3733|34.4586|1.7841
53|2020-07-14|17:25:53|3C345-20200714@172552-R_Astrodon_2018_calib.fits|3C345|16 42 58.80|+39 48 37.0|250.7450|39.8103|1032.3039|1011.0296|R_Astrodon_2018|2459045.2263078704|180.0|20.5098|3.4021|33.8340|1.8136
54|2020-07-14|17:37:38|3C371-20200714@173733-R_Astrodon_2018_calib.fits|3C371|18 06 50.70|+69 49 28.0|271.7112|69.8244|1044.7263|1068.5980|R_Astrodon_2018|2459045.2344675926|180.0|21.3843|2.4528|36.2359|1.6972
55|2020-07-14|17:40:54|3C371-20200714@174053-R_Astrodon_2018_calib.fits|3C371|18 06 50.70|+69 49 28.0|271.7112|69.8244|1045.1379|1069.2720|R_Astrodon_2018|2459045.2367361113|180.0|21.3917|2.3834|36.0013|1.7069
56|2020-07-14|17:53:13|3C454-3-20200714@175312-R_Astrodon_2018_calib.fits|3C454-3|22 53 57.70|+16 08 54.0|343.4904|16.1483|1019.2968|1026.0301|R_Astrodon_2018|2459045.245289352|180.0|20.8792|2.2512|68.7353|1.0693
57|2020-07-14|17:56:27|3C454-3-20200714@175627-R_Astrodon_2018_calib.fits|3C454-3|22 53 57.70|+16 08 54.0|343.4904|16.1483|1019.1559|1027.2909|R_Astrodon_2018|2459045.247534722|180.0|20.8779|2.3090|69.4475|1.0643
58|2020-07-14|17:09:05|4C38-41-20200714@170904-R_Astrodon_2018_calib.fits|4C38-41|16 35 15.50|+38 08 04.0|248.8146|38.1344|1029.1636|1001.8477|R_Astrodon_2018|2459045.2146412036|180.0|21.1733|2.4453|35.4973|1.7383
59|2020-07-14|17:12:20|4C38-41-20200714@171219-R_Astrodon_2018_calib.fits|4C38-41|16 35 15.50|+38 08 04.0|248.8146|38.1344|1029.4609|1003.6417|R_Astrodon_2018|2459045.216898148|180.0|21.0839|2.9230|34.8579|1.7665
60|2020-07-14|17:30:05|4C51-37-20200714@173000-R_Astrodon_2018_calib.fits|4C51-37|17 40 37.00|+52 11 43.0|265.1542|52.1953|1044.1374|983.5184|R_Astrodon_2018|2459045.229224537|180.0|21.4919|2.6734|41.7857|1.5101
61|2020-07-14|17:33:20|4C51-37-20200714@173320-R_Astrodon_2018_calib.fits|4C51-37|17 40 37.00|+52 11 43.0|265.1542|52.1953|1045.1279|985.4412|R_Astrodon_2018|2459045.2314814813|180.0|21.4954|2.4397|41.3054|1.5248
62|2020-07-14|17:46:23|CTA102-20200714@174618-R_Astrodon_2018_calib.fits|CTA102|22 32 36.40|+11 43 51.0|338.1517|11.7308|1022.0584|1025.5841|R_Astrodon_2018|2459045.2405439815|180.0|21.2417|2.5173|69.5389|1.0639
63|2020-07-14|17:49:38|CTA102-20200714@174938-R_Astrodon_2018_calib.fits|CTA102|22 32 36.40|+11 43 51.0|338.1517|11.7308|1021.9997|1027.6779|R_Astrodon_2018|2459045.242800926|180.0|21.2381|2.2883|70.1679|1.0598
64|2020-07-14|17:02:16|DA406-20200714@170211-R_Astrodon_2018_calib.fits|DA406|16 13 41.00|+34 12 48.0|243.4208|34.2133|1045.8354|1147.8833|R_Astrodon_2018|2459045.2099074074|180.0|21.2721|2.3391|32.1367|1.8987
65|2020-07-14|17:05:32|DA406-20200714@170531-R_Astrodon_2018_calib.fits|DA406|16 13 41.00|+34 12 48.0|243.4208|34.2133|1047.3387|1148.9098|R_Astrodon_2018|2459045.2121759257|180.0|21.2515|2.6286|31.4667|1.9353
66|2020-07-14|14:33:01|ES2344+514-20200714@143256-R_Astrodon_2018_calib.fits|ES2344+514|23 47 04.00|+51 42 18.0|356.7667|51.7050|1022.4252|1106.7877|R_Astrodon_2018|2459045.106261574|180.0|21.5711|2.8411|21.4004|2.6789
67|2020-07-14|14:25:25|L-Lacertae-20200714@142521-R_Astrodon_2018_calib.fits|L-Lacertae|22 02 43.30|+42 16 40.0|330.6804|42.2778|1022.6849|1023.5879|R_Astrodon_2018|2459045.100983796|180.0|21.4629|3.0477|36.9938|1.6428
68|2020-07-14|14:28:41|L-Lacertae-20200714@142841-R_Astrodon_2018_calib.fits|L-Lacertae|22 02 43.30|+42 16 40.0|330.6804|42.2778|1022.7432|1023.1590|R_Astrodon_2018|2459045.103252315|180.0|21.4694|3.3626|37.5996|1.6205
69|2020-07-14|18:09:14|L-Lacertae-20200714@180909-R_Astrodon_2018_calib.fits|L-Lacertae|22 02 43.30|+42 16 40.0|330.6804|42.2778|929.3180|1014.1999|R_Astrodon_2018|2459045.256412037|180.0|21.5034|2.6524|70.8338|1.0585
70|2020-07-14|17:15:53|Mkn501-20200714@171552-R_Astrodon_2018_calib.fits|Mkn501|16 53 52.20|+39 45 37.0|253.4675|39.7603|1029.7636|988.2113|R_Astrodon_2018|2459045.219363426|180.0|21.2630|3.2617|37.8472|1.6439
71|2020-07-14|17:19:08|Mkn501-20200714@171907-R_Astrodon_2018_calib.fits|Mkn501|16 53 52.20|+39 45 37.0|253.4675|39.7603|1030.7359|990.1693|R_Astrodon_2018|2459045.22162037|180.0|20.9961|3.9240|37.2209|1.6679
72|2020-07-14|18:00:59|PKS2155-304-20200714@180054-R_Astrodon_2018_calib.fits|PKS2155-304|21 58 52.00|-30 13 32.0|329.7167|-30.2256|1062.1387|1141.3984|R_Astrodon_2018|2459045.2506828704|180.0|21.2637|2.5580|36.0436|1.6897
73|2020-07-14|18:04:14|PKS2155-304-20200714@180413-R_Astrodon_2018_calib.fits|PKS2155-304|21 58 52.00|-30 13 32.0|329.7167|-30.2256|1060.2406|1143.8176|R_Astrodon_2018|2459045.2529398147|180.0|21.2879|2.2780|36.1150|1.6872
74|2020-07-15|19:50:54|L-Lacertae-20200715@195049-R_Astrodon_2018_calib.fits|L-Lacertae|22 02 43.30|+42 16 40.0|330.6804|42.2778|1023.6611|1025.8775|R_Astrodon_2018|2459046.327013889|180.0|20.2446|2.1792|63.7654|1.1183
75|2020-07-16|15:07:26|3C345-20200716@150725-R_Astrodon_2018_calib.fits|3C345|16 42 58.80|+39 48 37.0|250.7450|39.8103|1027.0428|1023.5996|R_Astrodon_2018|2459047.130162037|180.0|20.8693|2.4791|58.5578|1.1769
76|2020-07-16|15:10:40|3C345-20200716@151039-R_Astrodon_2018_calib.fits|3C345|16 42 58.80|+39 48 37.0|250.7450|39.8103|1027.5349|1024.3613|R_Astrodon_2018|2459047.1324074073|180.0|20.8336|2.5411|57.9774|1.1845
77|2020-07-16|15:22:38|3C371-20200716@152232-R_Astrodon_2018_calib.fits|3C371|18 06 50.70|+69 49 28.0|271.7112|69.8244|1036.7302|1079.9457|R_Astrodon_2018|2459047.1407175926|180.0|21.2068|2.8633|42.8246|1.4717
78|2020-07-16|15:25:53|3C371-20200716@152552-R_Astrodon_2018_calib.fits|3C371|18 06 50.70|+69 49 28.0|271.7112|69.8244|1036.5388|1078.6309|R_Astrodon_2018|2459047.142974537|180.0|21.2783|2.6723|42.7328|1.4743
79|2020-07-16|15:38:11|3C454-3-20200716@153810-R_Astrodon_2018_calib.fits|3C454-3|22 53 57.70|+16 08 54.0|343.4904|16.1483|1019.4076|1036.5202|R_Astrodon_2018|2459047.151516204|180.0|20.6717|2.7483|39.7442|1.5450
80|2020-07-16|15:41:26|3C454-3-20200716@154125-R_Astrodon_2018_calib.fits|3C454-3|22 53 57.70|+16 08 54.0|343.4904|16.1483|1020.1143|1035.3033|R_Astrodon_2018|2459047.153773148|180.0|20.6846|2.6677|40.4912|1.5215
81|2020-07-16|14:53:52|4C38-41-20200716@145351-R_Astrodon_2018_calib.fits|4C38-41|16 35 15.50|+38 08 04.0|248.8146|38.1344|1025.3731|1018.3657|R_Astrodon_2018|2459047.1207407406|180.0|21.1622|2.6720|60.2293|1.1566
82|2020-07-16|14:57:07|4C38-41-20200716@145706-R_Astrodon_2018_calib.fits|4C38-41|16 35 15.50|+38 08 04.0|248.8146|38.1344|1025.6546|1019.3303|R_Astrodon_2018|2459047.1229976853|180.0|21.1769|2.4400|59.6279|1.1638
83|2020-07-16|15:15:06|4C51-37-20200716@151501-R_Astrodon_2018_calib.fits|4C51-37|17 40 37.00|+52 11 43.0|265.1542|52.1953|1029.3762|1031.5367|R_Astrodon_2018|2459047.135486111|180.0|21.4605|2.5530|57.6665|1.1859
84|2020-07-16|15:18:21|4C51-37-20200716@151821-R_Astrodon_2018_calib.fits|4C51-37|17 40 37.00|+52 11 43.0|265.1542|52.1953|1029.3652|1031.2860|R_Astrodon_2018|2459047.1377430554|180.0|21.4479|2.5441|57.3772|1.1899
85|2020-07-16|15:31:21|CTA102-20200716@153116-R_Astrodon_2018_calib.fits|CTA102|22 32 36.40|+11 43 51.0|338.1517|11.7308|1024.3645|1024.0635|R_Astrodon_2018|2459047.1467708335|180.0|21.0396|2.7445|41.6169|1.4884
86|2020-07-16|15:34:37|CTA102-20200716@153436-R_Astrodon_2018_calib.fits|CTA102|22 32 36.40|+11 43 51.0|338.1517|11.7308|1024.8938|1023.2642|R_Astrodon_2018|2459047.149039352|180.0|21.0417|2.5348|42.3649|1.4675
87|2020-07-16|14:47:02|DA406-20200716@144657-R_Astrodon_2018_calib.fits|DA406|16 13 41.00|+34 12 48.0|243.4208|34.2133|1083.9065|917.5683|R_Astrodon_2018|2459047.1159953703|180.0|21.3011|2.3890|58.4244|1.1795
88|2020-07-16|14:50:18|DA406-20200716@145017-R_Astrodon_2018_calib.fits|DA406|16 13 41.00|+34 12 48.0|243.4208|34.2133|1084.4244|918.4201|R_Astrodon_2018|2459047.118263889|180.0|21.2962|2.5777|57.7584|1.1882
89|2020-07-16|14:39:18|KS1510-08-20200716@143913-R_Astrodon_2018_calib.fits|KS1510-08|15 12 50.50|-09 06 00.0|228.2104|-9.1000|948.4004|976.8699|R_Astrodon_2018|2459047.110625|180.0|21.0181|2.8655|33.3852|1.8342
90|2020-07-16|14:42:33|KS1510-08-20200716@144232-R_Astrodon_2018_calib.fits|KS1510-08|15 12 50.50|-09 06 00.0|228.2104|-9.1000|950.4479|977.4573|R_Astrodon_2018|2459047.1128819445|180.0|21.0046|2.7738|32.7330|1.8673
91|2020-07-16|15:00:40|Mkn501-20200716@150039-R_Astrodon_2018_calib.fits|Mkn501|16 53 52.20|+39 45 37.0|253.4675|39.7603|1025.4413|1016.3862|R_Astrodon_2018|2459047.125462963|180.0|21.3462|2.5797|61.6745|1.1400
92|2020-07-16|15:03:54|Mkn501-20200716@150354-R_Astrodon_2018_calib.fits|Mkn501|16 53 52.20|+39 45 37.0|253.4675|39.7603|1025.5325|1016.9474|R_Astrodon_2018|2459047.1277083335|180.0|21.3520|2.5934|61.1161|1.1462
93|2020-07-17|14:29:52|3C345-20200717@142951-R_Astrodon_2018_calib.fits|3C345|16 42 58.80|+39 48 37.0|250.7450|39.8103|1024.6190|1029.0681|R_Astrodon_2018|2459048.104074074|180.0|20.9203|2.2146|64.3299|1.1127
94|2020-07-17|14:33:07|3C345-20200717@143306-R_Astrodon_2018_calib.fits|3C345|16 42 58.80|+39 48 37.0|250.7450|39.8103|1025.1830|1029.3930|R_Astrodon_2018|2459048.1063310187|180.0|20.9087|2.3091|63.7986|1.1179
95|2020-07-17|14:45:01|3C371-20200717@144456-R_Astrodon_2018_calib.fits|3C371|18 06 50.70|+69 49 28.0|271.7112|69.8244|1031.1086|1091.7453|R_Astrodon_2018|2459048.1145949075|180.0|21.2932|2.4792|43.4930|1.4522
96|2020-07-17|18:55:45|3C454-3-20200717@185544-R_Astrodon_2018_calib.fits|3C454-3|22 53 57.70|+16 08 54.0|343.4904|16.1483|-199.8829|1205.2549|R_Astrodon_2018|2459048.288715278|180.0|20.9843|2.6531|82.2760|1.0086
97|2020-07-17|14:16:20|4C38-41-20200717@141620-R_Astrodon_2018_calib.fits|4C38-41|16 35 15.50|+38 08 04.0|248.8146|38.1344|1023.5101|1023.9135|R_Astrodon_2018|2459048.094675926|180.0|21.2350|2.2374|66.1833|1.0961
98|2020-07-17|14:19:35|4C38-41-20200717@141934-R_Astrodon_2018_calib.fits|4C38-41|16 35 15.50|+38 08 04.0|248.8146|38.1344|1023.7219|1024.3947|R_Astrodon_2018|2459048.0969328703|180.0|21.2220|2.2018|65.6342|1.1010
99|2020-07-17|14:37:31|4C51-37-20200717@143726-R_Astrodon_2018_calib.fits|4C51-37|17 40 37.00|+52 11 43.0|265.1542|52.1953|1025.5445|1048.5972|R_Astrodon_2018|2459048.109386574|180.0|21.5084|2.3125|60.0695|1.1550
100|2020-07-17|14:40:46|4C51-37-20200717@144046-R_Astrodon_2018_calib.fits|4C51-37|17 40 37.00|+52 11 43.0|265.1542|52.1953|1025.2554|1047.6982|R_Astrodon_2018|2459048.1116435183|180.0|21.5252|2.2561|59.8887|1.1573
101|2020-07-17|18:35:05|CTA102-20200717@183500-R_Astrodon_2018_calib.fits|CTA102|22 32 36.40|+11 43 51.0|338.1517|11.7308|1026.0581|1027.4836|R_Astrodon_2018|2459048.274363426|180.0|21.2304|2.6091|78.0306|1.0215
102|2020-07-17|18:50:35|CTA102-20200717@185030-R_Astrodon_2018_calib.fits|CTA102|22 32 36.40|+11 43 51.0|338.1517|11.7308|1175.2379|1190.1133|R_Astrodon_2018|2459048.2851273147|180.0|21.2413|1.9446|78.1846|1.0216
103|2020-07-17|14:09:30|DA406-20200717@140925-R_Astrodon_2018_calib.fits|DA406|16 13 41.00|+34 12 48.0|243.4208|34.2133|1094.0514|932.0076|R_Astrodon_2018|2459048.089930556|180.0|21.3334|2.2739|65.1610|1.1058
104|2020-07-17|14:12:46|DA406-20200717@141245-R_Astrodon_2018_calib.fits|DA406|16 13 41.00|+34 12 48.0|243.4208|34.2133|1094.1766|933.1466|R_Astrodon_2018|2459048.092199074|180.0|21.3372|2.2985|64.5183|1.1118
105|2020-07-17|14:01:45|KS1510-08-20200717@140140-R_Astrodon_2018_calib.fits|KS1510-08|15 12 50.50|-09 06 00.0|228.2104|-9.1000|873.0399|1049.2771|R_Astrodon_2018|2459048.084548611|180.0|20.8868|2.2890|39.8911|1.5699
106|2020-07-17|14:05:01|KS1510-08-20200717@140500-R_Astrodon_2018_calib.fits|KS1510-08|15 12 50.50|-09 06 00.0|228.2104|-9.1000|875.3128|1050.1259|R_Astrodon_2018|2459048.0868171295|180.0|20.9189|2.5977|39.2806|1.5905
107|2020-07-17|14:54:00|L-Lacertae-20200717@145355-R_Astrodon_2018_calib.fits|L-Lacertae|22 02 43.30|+42 16 40.0|330.6804|42.2778|1023.8972|1026.6053|R_Astrodon_2018|2459048.120833333|180.0|21.4353|2.6179|44.4580|1.4161
108|2020-07-17|14:23:06|Mkn501-20200717@142305-R_Astrodon_2018_calib.fits|Mkn501|16 53 52.20|+39 45 37.0|253.4675|39.7603|1021.6447|1024.6365|R_Astrodon_2018|2459048.099375|180.0|21.4100|2.3714|67.1053|1.0880
109|2020-07-17|14:26:21|Mkn501-20200717@142620-R_Astrodon_2018_calib.fits|Mkn501|16 53 52.20|+39 45 37.0|253.4675|39.7603|1022.0980|1024.9356|R_Astrodon_2018|2459048.1016319445|180.0|21.3956|2.2908|66.6182|1.0922
110|2020-07-18|19:29:14|ES2344+514-20200718@192909-R_Astrodon_2018_calib.fits|ES2344+514|23 47 04.00|+51 42 18.0|356.7667|51.7050|1022.9872|1028.5209|R_Astrodon_2018|2459049.3119675927|180.0|21.3677|2.6478|61.3217|1.1399
111|2020-07-18|19:32:31|ES2344+514-20200718@193230-R_Astrodon_2018_calib.fits|ES2344+514|23 47 04.00|+51 42 18.0|356.7667|51.7050|1023.0160|1031.9655|R_Astrodon_2018|2459049.314247685|180.0|21.3552|2.6046|61.4256|1.1388
112|2020-07-18|19:20:08|L-Lacertae-20200718@192004-R_Astrodon_2018_calib.fits|L-Lacertae|22 02 43.30|+42 16 40.0|330.6804|42.2778|1023.5743|1024.0267|R_Astrodon_2018|2459049.305648148|180.0|21.1392|2.7261|66.3400|1.0946
113|2020-07-18|19:23:25|L-Lacertae-20200718@192324-R_Astrodon_2018_calib.fits|L-Lacertae|22 02 43.30|+42 16 40.0|330.6804|42.2778|1024.2232|1024.0185|R_Astrodon_2018|2459049.307928241|180.0|21.1196|2.6174|65.9203|1.0982
114|2020-07-19|15:08:22|3C345-20200719@150821-R_Astrodon_2018_calib.fits|3C345|16 42 58.80|+39 48 37.0|250.7450|39.8103|1027.1443|1025.4215|R_Astrodon_2018|2459050.1308101853|180.0|20.9393|2.2231|56.2544|1.2081
115|2020-07-19|15:11:36|3C345-20200719@151135-R_Astrodon_2018_calib.fits|3C345|16 42 58.80|+39 48 37.0|250.7450|39.8103|1027.4935|1026.0655|R_Astrodon_2018|2459050.1330555556|180.0|20.9391|2.2150|55.6619|1.2168
116|2020-07-19|15:23:32|3C371-20200719@152326-R_Astrodon_2018_calib.fits|3C371|18 06 50.70|+69 49 28.0|271.7112|69.8244|1034.2093|1085.9270|R_Astrodon_2018|2459050.1413425924|180.0|21.4040|2.4259|42.4397|1.4829
117|2020-07-19|15:26:48|3C371-20200719@152647-R_Astrodon_2018_calib.fits|3C371|18 06 50.70|+69 49 28.0|271.7112|69.8244|1033.9222|1084.8985|R_Astrodon_2018|2459050.143611111|180.0|21.4122|2.5302|42.3294|1.4862
118|2020-07-19|15:39:04|3C454-3-20200719@153903-R_Astrodon_2018_calib.fits|3C454-3|22 53 57.70|+16 08 54.0|343.4904|16.1483|1019.7347|1034.1284|R_Astrodon_2018|2459050.1521296296|180.0|20.8874|2.5568|42.6588|1.4597
119|2020-07-19|15:42:19|3C454-3-20200719@154218-R_Astrodon_2018_calib.fits|3C454-3|22 53 57.70|+16 08 54.0|343.4904|16.1483|1020.5136|1032.8619|R_Astrodon_2018|2459050.154386574|180.0|20.8815|2.4765|43.4061|1.4397
120|2020-07-19|14:54:50|4C38-41-20200719@145449-R_Astrodon_2018_calib.fits|4C38-41|16 35 15.50|+38 08 04.0|248.8146|38.1344|1025.3444|1019.4743|R_Astrodon_2018|2459050.121412037|180.0|21.2256|2.1408|57.8497|1.1863
121|2020-07-19|14:58:05|4C38-41-20200719@145804-R_Astrodon_2018_calib.fits|4C38-41|16 35 15.50|+38 08 04.0|248.8146|38.1344|1025.6146|1020.7546|R_Astrodon_2018|2459050.1236689813|180.0|21.2274|2.2817|57.2366|1.1946
122|2020-07-19|15:16:00|4C51-37-20200719@151554-R_Astrodon_2018_calib.fits|4C51-37|17 40 37.00|+52 11 43.0|265.1542|52.1953|1033.2780|1030.5996|R_Astrodon_2018|2459050.136111111|180.0|21.5360|2.2583|56.4864|1.2023
123|2020-07-19|15:19:16|4C51-37-20200719@151915-R_Astrodon_2018_calib.fits|4C51-37|17 40 37.00|+52 11 43.0|265.1542|52.1953|1033.3021|1030.6952|R_Astrodon_2018|2459050.1383796297|180.0|21.5329|2.3144|56.1619|1.2070
124|2020-07-19|15:32:14|CTA102-20200719@153209-R_Astrodon_2018_calib.fits|CTA102|22 32 36.40|+11 43 51.0|338.1517|11.7308|1023.5499|1023.1332|R_Astrodon_2018|2459050.1473842594|180.0|21.2316|2.2135|44.5170|1.4118
125|2020-07-19|15:35:29|CTA102-20200719@153529-R_Astrodon_2018_calib.fits|CTA102|22 32 36.40|+11 43 51.0|338.1517|11.7308|1024.8314|1022.3825|R_Astrodon_2018|2459050.1496412037|180.0|21.2558|2.2441|45.2589|1.3938
126|2020-07-19|14:48:02|DA406-20200719@144757-R_Astrodon_2018_calib.fits|DA406|16 13 41.00|+34 12 48.0|243.4208|34.2133|1092.5344|912.8474|R_Astrodon_2018|2459050.1166898147|180.0|21.3532|2.3407|55.8084|1.2155
127|2020-07-19|14:51:18|DA406-20200719@145117-R_Astrodon_2018_calib.fits|DA406|16 13 41.00|+34 12 48.0|243.4208|34.2133|1092.5637|914.2633|R_Astrodon_2018|2459050.1189583335|180.0|21.3700|2.2621|55.1378|1.2255
128|2020-07-19|16:02:30|ES2344+514-20200719@160225-R_Astrodon_2018_calib.fits|ES2344+514|23 47 04.00|+51 42 18.0|356.7667|51.7050|1027.4123|1074.9414|R_Astrodon_2018|2459050.168402778|180.0|21.2536|2.8082|38.2556|1.6012
129|2020-07-19|14:40:17|KS1510-08-20200719@144012-R_Astrodon_2018_calib.fits|KS1510-08|15 12 50.50|-09 06 00.0|228.2104|-9.1000|1024.8166|1023.1028|R_Astrodon_2018|2459050.1113078706|180.0|20.8121|3.2793|30.8011|1.9729
130|2020-07-19|14:43:32|KS1510-08-20200719@144332-R_Astrodon_2018_calib.fits|KS1510-08|15 12 50.50|-09 06 00.0|228.2104|-9.1000|1026.9734|1023.8798|R_Astrodon_2018|2459050.113564815|180.0|20.9110|3.1908|30.1358|2.0130
131|2020-07-19|15:54:55|L-Lacertae-20200719@155450-R_Astrodon_2018_calib.fits|L-Lacertae|22 02 43.30|+42 16 40.0|330.6804|42.2778|940.7382|978.1185|R_Astrodon_2018|2459050.163136574|180.0|21.3125|2.5009|56.7189|1.1910
132|2020-07-19|15:58:11|L-Lacertae-20200719@155810-R_Astrodon_2018_calib.fits|L-Lacertae|22 02 43.30|+42 16 40.0|330.6804|42.2778|941.3697|979.4815|R_Astrodon_2018|2459050.1654050928|180.0|21.3241|2.2116|57.2711|1.1837
133|2020-07-19|15:01:36|Mkn501-20200719@150135-R_Astrodon_2018_calib.fits|Mkn501|16 53 52.20|+39 45 37.0|253.4675|39.7603|1025.1407|1016.4933|R_Astrodon_2018|2459050.126111111|180.0|21.4058|2.3610|59.4496|1.1657
134|2020-07-19|15:04:50|Mkn501-20200719@150450-R_Astrodon_2018_calib.fits|Mkn501|16 53 52.20|+39 45 37.0|253.4675|39.7603|1025.5830|1017.5202|R_Astrodon_2018|2459050.1283564814|180.0|21.4001|2.5229|58.8741|1.1730
135|2020-07-19|15:46:53|PKS2155-304-20200719@154647-R_Astrodon_2018_calib.fits|PKS2155-304|21 58 52.00|-30 13 32.0|329.7167|-30.2256|1065.7506|1122.0671|R_Astrodon_2018|2459050.1575578703|180.0|21.2543|3.2396|27.0563|2.1640
136|2020-07-19|15:50:08|PKS2155-304-20200719@155007-R_Astrodon_2018_calib.fits|PKS2155-304|21 58 52.00|-30 13 32.0|329.7167|-30.2256|1064.9026|1122.4002|R_Astrodon_2018|2459050.159814815|180.0|21.2195|3.2596|27.4606|2.1353
137|2020-07-20|14:31:37|3C345-20200720@143136-R_Astrodon_2018_calib.fits|3C345|16 42 58.80|+39 48 37.0|250.7450|39.8103|1028.4192|1026.6144|R_Astrodon_2018|2459051.1052893517|180.0|20.9993|1.9412|62.0731|1.1356
138|2020-07-20|14:34:52|3C345-20200720@143451-R_Astrodon_2018_calib.fits|3C345|16 42 58.80|+39 48 37.0|250.7450|39.8103|1029.1888|1027.4070|R_Astrodon_2018|2459051.1075462964|180.0|21.0032|2.0151|61.5165|1.1417
139|2020-07-20|15:37:59|3C371-20200720@153754-R_Astrodon_2018_calib.fits|3C371|18 06 50.70|+69 49 28.0|271.7112|69.8244|1021.2614|1026.4657|R_Astrodon_2018|2459051.1513773147|180.0|21.4308|2.1253|41.7604|1.4989
140|2020-07-20|15:41:14|3C371-20200720@154114-R_Astrodon_2018_calib.fits|3C371|18 06 50.70|+69 49 28.0|271.7112|69.8244|1020.7872|1025.3690|R_Astrodon_2018|2459051.1536342595|180.0|21.4341|2.2003|41.6258|1.5031
141|2020-07-20|15:55:06|3C454-3-20200720@155506-R_Astrodon_2018_calib.fits|3C454-3|22 53 57.70|+16 08 54.0|343.4904|16.1483|1018.6436|1032.9411|R_Astrodon_2018|2459051.163263889|180.0|20.8748|2.1766|47.2495|1.3494
142|2020-07-20|15:58:21|3C454-3-20200720@155820-R_Astrodon_2018_calib.fits|3C454-3|22 53 57.70|+16 08 54.0|343.4904|16.1483|1019.4994|1032.1613|R_Astrodon_2018|2459051.1655208333|180.0|20.8805|2.1569|47.9965|1.3337
143|2020-07-20|16:26:19|3C66A-20200720@162614-R_Astrodon_2018_calib.fits|3C66A|02 22 39.60|+43 02 08.0|35.6650|43.0356|1033.8548|1091.1353|R_Astrodon_2018|2459051.1849421295|180.0|21.4732|3.6827|16.2586|3.4529
144|2020-07-20|14:18:03|4C38-41-20200720@141803-R_Astrodon_2018_calib.fits|4C38-41|16 35 15.50|+38 08 04.0|248.8146|38.1344|1025.1833|1021.3110|R_Astrodon_2018|2459051.0958680557|180.0|21.3009|2.0567|63.8571|1.1176
145|2020-07-20|14:21:18|4C38-41-20200720@142118-R_Astrodon_2018_calib.fits|4C38-41|16 35 15.50|+38 08 04.0|248.8146|38.1344|1025.5297|1022.0366|R_Astrodon_2018|2459051.098125|180.0|21.2936|2.0824|63.2823|1.1233
146|2020-07-20|14:39:18|4C51-37-20200720@143912-R_Astrodon_2018_calib.fits|4C51-37|17 40 37.00|+52 11 43.0|265.1542|52.1953|1031.3437|1040.7540|R_Astrodon_2018|2459051.110625|180.0|21.5769|2.0394|59.2379|1.1654
147|2020-07-20|15:48:18|CTA102-20200720@154813-R_Astrodon_2018_calib.fits|CTA102|22 32 36.40|+11 43 51.0|338.1517|11.7308|1023.1592|1023.7912|R_Astrodon_2018|2459051.158541667|180.0|21.2217|2.1903|49.0707|1.3124
148|2020-07-20|15:51:33|CTA102-20200720@155132-R_Astrodon_2018_calib.fits|CTA102|22 32 36.40|+11 43 51.0|338.1517|11.7308|1023.6464|1023.0285|R_Astrodon_2018|2459051.160798611|180.0|21.2375|1.9451|49.8076|1.2982
149|2020-07-20|14:11:14|DA406-20200720@141108-R_Astrodon_2018_calib.fits|DA406|16 13 41.00|+34 12 48.0|243.4208|34.2133|1094.9893|925.5778|R_Astrodon_2018|2459051.0911342595|180.0|21.4368|2.2437|62.4791|1.1321
150|2020-07-20|14:14:29|DA406-20200720@141428-R_Astrodon_2018_calib.fits|DA406|16 13 41.00|+34 12 48.0|243.4208|34.2133|1095.2703|926.8870|R_Astrodon_2018|2459051.093391204|180.0|21.4172|2.0510|61.8279|1.1391
151|2020-07-20|16:18:32|ES2344+514-20200720@161827-R_Astrodon_2018_calib.fits|ES2344+514|23 47 04.00|+51 42 18.0|356.7667|51.7050|1027.7233|1067.3566|R_Astrodon_2018|2459051.179537037|180.0|21.6985|2.4206|41.2816|1.5047
152|2020-07-20|14:03:28|KS1510-08-20200720@140323-R_Astrodon_2018_calib.fits|KS1510-08|15 12 50.50|-09 06 00.0|228.2104|-9.1000|946.7407|903.2033|R_Astrodon_2018|2459051.085740741|180.0|21.1961|2.7451|37.3335|1.6626
153|2020-07-20|14:06:43|KS1510-08-20200720@140643-R_Astrodon_2018_calib.fits|KS1510-08|15 12 50.50|-09 06 00.0|228.2104|-9.1000|948.8807|904.4390|R_Astrodon_2018|2459051.087997685|180.0|21.1685|2.8202|36.7061|1.6876
154|2020-07-20|16:10:55|L-Lacertae-20200720@161050-R_Astrodon_2018_calib.fits|L-Lacertae|22 02 43.30|+42 16 40.0|330.6804|42.2778|934.8279|985.9940|R_Astrodon_2018|2459051.1742476854|180.0|21.5115|2.1680|60.0170|1.1505
155|2020-07-20|16:14:11|L-Lacertae-20200720@161410-R_Astrodon_2018_calib.fits|L-Lacertae|22 02 43.30|+42 16 40.0|330.6804|42.2778|935.7680|987.8283|R_Astrodon_2018|2459051.1765162037|180.0|21.5062|2.0508|60.5392|1.1446
156|2020-07-20|14:24:51|Mkn501-20200720@142451-R_Astrodon_2018_calib.fits|Mkn501|16 53 52.20|+39 45 37.0|253.4675|39.7603|1025.3408|1020.3836|R_Astrodon_2018|2459051.100590278|180.0|21.4634|2.1073|65.0149|1.1063
157|2020-07-20|14:28:06|Mkn501-20200720@142805-R_Astrodon_2018_calib.fits|Mkn501|16 53 52.20|+39 45 37.0|253.4675|39.7603|1025.7149|1020.6308|R_Astrodon_2018|2459051.1028472222|180.0|21.4583|2.0622|64.4917|1.1113
158|2020-07-20|13:55:39|ON231-20200720@135534-R_Astrodon_2018_calib.fits|ON231|12 21 31.70|+28 13 59.0|185.3821|28.2331|1004.5385|1005.5584|R_Astrodon_2018|2459051.0803125|180.0|21.0685|3.6600|16.4932|3.5779
159|2020-07-20|16:02:54|PKS2155-304-20200720@160248-R_Astrodon_2018_calib.fits|PKS2155-304|21 58 52.00|-30 13 32.0|329.7167|-30.2256|1064.7258|1122.3577|R_Astrodon_2018|2459051.1686805557|180.0|21.2538|2.7534|29.4213|2.0090
160|2020-07-20|16:06:09|PKS2155-304-20200720@160609-R_Astrodon_2018_calib.fits|PKS2155-304|21 58 52.00|-30 13 32.0|329.7167|-30.2256|1063.8431|1123.3502|R_Astrodon_2018|2459051.1709375|180.0|21.2620|2.6542|29.7792|1.9876
161|2020-07-21|15:21:15|3C345-20200721@152115-R_Astrodon_2018_calib.fits|3C345|16 42 58.80|+39 48 37.0|250.7450|39.8103|1029.2015|1025.5320|R_Astrodon_2018|2459052.1397569445|180.0|20.9443|4.9683|52.4119|1.2687
162|2020-07-21|15:24:30|3C345-20200721@152429-R_Astrodon_2018_calib.fits|3C345|16 42 58.80|+39 48 37.0|250.7450|39.8103|1028.8324|1027.1164|R_Astrodon_2018|2459052.142013889|180.0|20.9686|5.0700|51.8024|1.2795
163|2020-07-21|15:36:11|3C371-20200721@153606-R_Astrodon_2018_calib.fits|3C371|18 06 50.70|+69 49 28.0|271.7112|69.8244|1033.9858|1083.0402|R_Astrodon_2018|2459052.150127315|180.0|21.3641|5.2053|41.6726|1.5058
164|2020-07-21|15:39:25|3C371-20200721@153925-R_Astrodon_2018_calib.fits|3C371|18 06 50.70|+69 49 28.0|271.7112|69.8244|1034.3968|1081.8291|R_Astrodon_2018|2459052.1523726853|180.0|21.3803|4.9785|41.5360|1.5100
165|2020-07-21|15:51:44|3C454-3-20200721@155143-R_Astrodon_2018_calib.fits|3C454-3|22 53 57.70|+16 08 54.0|343.4904|16.1483|1017.6922|1033.1588|R_Astrodon_2018|2459052.1609259257|180.0|20.6047|4.8809|47.3794|1.3467
166|2020-07-21|15:54:58|3C454-3-20200721@155458-R_Astrodon_2018_calib.fits|3C454-3|22 53 57.70|+16 08 54.0|343.4904|16.1483|1017.6397|1032.5601|R_Astrodon_2018|2459052.1631712965|180.0|20.5254|4.5438|48.1226|1.3311
167|2020-07-21|16:23:09|3C66A-20200721@162304-R_Astrodon_2018_calib.fits|3C66A|02 22 39.60|+43 02 08.0|35.6650|43.0356|1029.2155|1090.7318|R_Astrodon_2018|2459052.1827430557|180.0|21.3942|5.6071|16.3926|3.4272
168|2020-07-21|15:07:44|4C38-41-20200721@150743-R_Astrodon_2018_calib.fits|4C38-41|16 35 15.50|+38 08 04.0|248.8146|38.1344|1025.4790|1017.9567|R_Astrodon_2018|2459052.1303703706|180.0|21.1461|5.1120|53.8937|1.2441
169|2020-07-21|15:10:58|4C38-41-20200721@151058-R_Astrodon_2018_calib.fits|4C38-41|16 35 15.50|+38 08 04.0|248.8146|38.1344|1026.2865|1019.8090|R_Astrodon_2018|2459052.132615741|180.0|21.1492|5.0451|53.2706|1.2544
170|2020-07-21|15:28:42|4C51-37-20200721@152837-R_Astrodon_2018_calib.fits|4C51-37|17 40 37.00|+52 11 43.0|265.1542|52.1953|1035.3541|1026.1367|R_Astrodon_2018|2459052.1449305555|180.0|21.5182|5.5621|54.3156|1.2349
171|2020-07-21|15:31:57|4C51-37-20200721@153156-R_Astrodon_2018_calib.fits|4C51-37|17 40 37.00|+52 11 43.0|265.1542|52.1953|1035.4609|1026.4229|R_Astrodon_2018|2459052.1471875|180.0|21.5422|5.5072|53.9467|1.2408
172|2020-07-21|15:44:55|CTA102-20200721@154450-R_Astrodon_2018_calib.fits|CTA102|22 32 36.40|+11 43 51.0|338.1517|11.7308|1022.5455|1023.0426|R_Astrodon_2018|2459052.1561921295|180.0|21.0014|5.0528|49.1951|1.3099
173|2020-07-21|15:48:10|CTA102-20200721@154809-R_Astrodon_2018_calib.fits|CTA102|22 32 36.40|+11 43 51.0|338.1517|11.7308|1022.9924|1022.3224|R_Astrodon_2018|2459052.1584490743|180.0|21.0031|4.8129|49.9318|1.2959
174|2020-07-21|15:00:55|DA406-20200721@150050-R_Astrodon_2018_calib.fits|DA406|16 13 41.00|+34 12 48.0|243.4208|34.2133|1089.3316|910.7688|R_Astrodon_2018|2459052.125636574|180.0|21.2685|5.1305|51.5353|1.2852
175|2020-07-21|15:04:12|DA406-20200721@150411-R_Astrodon_2018_calib.fits|DA406|16 13 41.00|+34 12 48.0|243.4208|34.2133|1089.9187|912.9362|R_Astrodon_2018|2459052.1279166667|180.0|21.2610|5.1088|50.8567|1.2978
176|2020-07-21|16:15:12|ES2344+514-20200721@161507-R_Astrodon_2018_calib.fits|ES2344+514|23 47 04.00|+51 42 18.0|356.7667|51.7050|1026.4850|1067.3459|R_Astrodon_2018|2459052.177222222|180.0|21.6665|4.6035|41.3715|1.5021
177|2020-07-21|14:53:09|KS1510-08-20200721@145304-R_Astrodon_2018_calib.fits|KS1510-08|15 12 50.50|-09 06 00.0|228.2104|-9.1000|1025.5729|1022.4754|R_Astrodon_2018|2459052.1202430557|180.0|20.9942|4.4677|26.5074|2.2668
178|2020-07-21|14:56:24|KS1510-08-20200721@145623-R_Astrodon_2018_calib.fits|KS1510-08|15 12 50.50|-09 06 00.0|228.2104|-9.1000|1028.2046|1022.0944|R_Astrodon_2018|2459052.1225|180.0|21.0167|3.9869|25.8242|2.3235
179|2020-07-21|16:07:35|L-Lacertae-20200721@160730-R_Astrodon_2018_calib.fits|L-Lacertae|22 02 43.30|+42 16 40.0|330.6804|42.2778|940.2937|985.8274|R_Astrodon_2018|2459052.1719328705|180.0|21.4993|4.2232|60.1131|1.1494
180|2020-07-21|16:10:51|L-Lacertae-20200721@161050-R_Astrodon_2018_calib.fits|L-Lacertae|22 02 43.30|+42 16 40.0|330.6804|42.2778|940.6345|987.5825|R_Astrodon_2018|2459052.174201389|180.0|21.5362|4.5924|60.6342|1.1436
181|2020-07-21|15:14:29|Mkn501-20200721@151429-R_Astrodon_2018_calib.fits|Mkn501|16 53 52.20|+39 45 37.0|253.4675|39.7603|1028.2462|1014.0306|R_Astrodon_2018|2459052.1350578703|180.0|21.4845|5.3952|55.6978|1.2162
182|2020-07-21|15:17:44|Mkn501-20200721@151743-R_Astrodon_2018_calib.fits|Mkn501|16 53 52.20|+39 45 37.0|253.4675|39.7603|1027.5645|1015.5036|R_Astrodon_2018|2459052.1373148146|180.0|21.4381|5.4876|55.0991|1.2252
183|2020-07-21|15:59:32|PKS2155-304-20200721@155927-R_Astrodon_2018_calib.fits|PKS2155-304|21 58 52.00|-30 13 32.0|329.7167|-30.2256|1059.9607|1125.3138|R_Astrodon_2018|2459052.166342593|180.0|21.1451|4.2046|29.4841|2.0052
184|2020-07-21|16:02:47|PKS2155-304-20200721@160246-R_Astrodon_2018_calib.fits|PKS2155-304|21 58 52.00|-30 13 32.0|329.7167|-30.2256|1060.0070|1125.8700|R_Astrodon_2018|2459052.168599537|180.0|21.0860|4.4502|29.8407|1.9840
185|2020-07-22|16:18:27|3C345-20200722@161826-R_Astrodon_2018_calib.fits|3C345|16 42 58.80|+39 48 37.0|250.7450|39.8103|1032.7549|1018.2615|R_Astrodon_2018|2459053.179479167|180.0|20.9772|2.7032|40.7585|1.5438
186|2020-07-22|16:21:41|3C345-20200722@162141-R_Astrodon_2018_calib.fits|3C345|16 42 58.80|+39 48 37.0|250.7450|39.8103|1033.3228|1020.1558|R_Astrodon_2018|2459053.181724537|180.0|20.9763|2.8390|40.1362|1.5640
187|2020-07-22|16:33:25|3C371-20200722@163320-R_Astrodon_2018_calib.fits|3C371|18 06 50.70|+69 49 28.0|271.7112|69.8244|1039.9250|1078.4577|R_Astrodon_2018|2459053.1898726854|180.0|21.4396|2.6963|38.4425|1.6125
188|2020-07-22|16:36:41|3C371-20200722@163641-R_Astrodon_2018_calib.fits|3C371|18 06 50.70|+69 49 28.0|271.7112|69.8244|1039.8146|1078.3411|R_Astrodon_2018|2459053.1921412037|180.0|21.4374|2.5767|38.2355|1.6201
189|2020-07-22|16:04:56|4C38-41-20200722@160455-R_Astrodon_2018_calib.fits|4C38-41|16 35 15.50|+38 08 04.0|248.8146|38.1344|1031.0027|1010.3482|R_Astrodon_2018|2459053.1700925925|180.0|21.2521|2.9108|41.9409|1.5077
190|2020-07-22|16:08:10|4C38-41-20200722@160809-R_Astrodon_2018_calib.fits|4C38-41|16 35 15.50|+38 08 04.0|248.8146|38.1344|1031.6605|1012.4874|R_Astrodon_2018|2459053.172337963|180.0|21.2621|2.8313|41.3035|1.5272
191|2020-07-22|16:25:53|4C51-37-20200722@162548-R_Astrodon_2018_calib.fits|4C51-37|17 40 37.00|+52 11 43.0|265.1542|52.1953|1048.4330|1004.2057|R_Astrodon_2018|2459053.184641204|180.0|21.5626|2.7135|46.5005|1.3856
192|2020-07-22|16:29:08|4C51-37-20200722@162907-R_Astrodon_2018_calib.fits|4C51-37|17 40 37.00|+52 11 43.0|265.1542|52.1953|1048.4231|1005.2113|R_Astrodon_2018|2459053.186898148|180.0|21.5615|2.6024|46.0445|1.3964
193|2020-07-22|16:42:10|CTA102-20200722@164206-R_Astrodon_2018_calib.fits|CTA102|22 32 36.40|+11 43 51.0|338.1517|11.7308|1023.0883|1024.0828|R_Astrodon_2018|2459053.195949074|180.0|21.2555|2.1237|62.7823|1.1192
194|2020-07-22|15:58:06|DA406-20200722@155801-R_Astrodon_2018_calib.fits|DA406|16 13 41.00|+34 12 48.0|243.4208|34.2133|977.8999|1204.7270|R_Astrodon_2018|2459053.1653472222|180.0|21.3536|3.0308|38.8781|1.6060
195|2020-07-22|16:01:22|DA406-20200722@160121-R_Astrodon_2018_calib.fits|DA406|16 13 41.00|+34 12 48.0|243.4208|34.2133|979.1159|1206.4254|R_Astrodon_2018|2459053.1676157406|180.0|21.3393|3.0496|38.2028|1.6302
196|2020-07-22|16:11:41|Mkn501-20200722@161141-R_Astrodon_2018_calib.fits|Mkn501|16 53 52.20|+39 45 37.0|253.4675|39.7603|1033.6913|1000.7275|R_Astrodon_2018|2459053.1747800927|180.0|21.4377|2.7096|44.1507|1.4459
197|2020-07-22|16:14:56|Mkn501-20200722@161455-R_Astrodon_2018_calib.fits|Mkn501|16 53 52.20|+39 45 37.0|253.4675|39.7603|1033.9928|1002.9221|R_Astrodon_2018|2459053.177037037|180.0|21.4371|2.6283|43.5265|1.4627
198|2020-07-23|14:39:53|3C345-20200723@143952-R_Astrodon_2018_calib.fits|3C345|16 42 58.80|+39 48 37.0|250.7450|39.8103|1026.4415|1024.6445|R_Astrodon_2018|2459054.1110300925|180.0|20.9509|2.3032|58.5627|1.1768
199|2020-07-23|14:43:08|3C345-20200723@144307-R_Astrodon_2018_calib.fits|3C345|16 42 58.80|+39 48 37.0|250.7450|39.8103|1026.8404|1025.6222|R_Astrodon_2018|2459054.1132870372|180.0|20.9366|2.2029|57.9793|1.1845
200|2020-07-23|14:55:07|3C371-20200723@145502-R_Astrodon_2018_calib.fits|3C371|18 06 50.70|+69 49 28.0|271.7112|69.8244|1035.6182|1085.8457|R_Astrodon_2018|2459054.121608796|180.0|21.3650|2.4436|42.8245|1.4717
201|2020-07-23|14:58:23|3C371-20200723@145822-R_Astrodon_2018_calib.fits|3C371|18 06 50.70|+69 49 28.0|271.7112|69.8244|1035.7855|1084.4708|R_Astrodon_2018|2459054.123877315|180.0|21.3664|2.4270|42.7322|1.4744
202|2020-07-23|15:10:39|3C454-3-20200723@151038-R_Astrodon_2018_calib.fits|3C454-3|22 53 57.70|+16 08 54.0|343.4904|16.1483|1020.2022|1033.1137|R_Astrodon_2018|2459054.1323958333|180.0|20.6254|2.8501|39.7418|1.5452
203|2020-07-23|15:13:54|3C454-3-20200723@151353-R_Astrodon_2018_calib.fits|3C454-3|22 53 57.70|+16 08 54.0|343.4904|16.1483|1021.1839|1031.5001|R_Astrodon_2018|2459054.1346527776|180.0|20.5346|3.0684|40.4887|1.5218
204|2020-07-23|14:26:18|4C38-41-20200723@142618-R_Astrodon_2018_calib.fits|4C38-41|16 35 15.50|+38 08 04.0|248.8146|38.1344|1024.5312|1019.0633|R_Astrodon_2018|2459054.101597222|180.0|21.2576|2.2291|60.2374|1.1565
205|2020-07-23|14:29:33|4C38-41-20200723@142932-R_Astrodon_2018_calib.fits|4C38-41|16 35 15.50|+38 08 04.0|248.8146|38.1344|1024.8485|1020.3443|R_Astrodon_2018|2459054.103854167|180.0|21.2404|2.1553|59.6361|1.1637
206|2020-07-23|14:47:36|4C51-37-20200723@144727-R_Astrodon_2018_calib.fits|4C51-37|17 40 37.00|+52 11 43.0|265.1542|52.1953|1031.6678|1033.6399|R_Astrodon_2018|2459054.116388889|180.0|21.4948|2.1173|57.6645|1.1859
207|2020-07-23|14:50:51|4C51-37-20200723@145050-R_Astrodon_2018_calib.fits|4C51-37|17 40 37.00|+52 11 43.0|265.1542|52.1953|1032.1451|1033.2285|R_Astrodon_2018|2459054.1186458333|180.0|21.4525|2.1331|57.3751|1.1899
208|2020-07-23|15:03:51|CTA102-20200723@150346-R_Astrodon_2018_calib.fits|CTA102|22 32 36.40|+11 43 51.0|338.1517|11.7308|1023.6621|1022.2657|R_Astrodon_2018|2459054.127673611|180.0|21.1310|2.6838|41.6222|1.4884
209|2020-07-23|15:07:06|CTA102-20200723@150706-R_Astrodon_2018_calib.fits|CTA102|22 32 36.40|+11 43 51.0|338.1517|11.7308|1024.9257|1020.5901|R_Astrodon_2018|2459054.1299305554|180.0|21.1146|2.5480|42.3663|1.4674
210|2020-07-23|14:19:28|DA406-20200723@141923-R_Astrodon_2018_calib.fits|DA406|16 13 41.00|+34 12 48.0|243.4208|34.2133|1093.6081|917.0788|R_Astrodon_2018|2459054.096851852|180.0|21.3882|2.3334|58.4334|1.1794
211|2020-07-23|14:22:44|DA406-20200723@142244-R_Astrodon_2018_calib.fits|DA406|16 13 41.00|+34 12 48.0|243.4208|34.2133|1093.6172|918.4994|R_Astrodon_2018|2459054.0991203706|180.0|21.3973|2.3505|57.7674|1.1881
212|2020-07-23|15:34:03|ES2344+514-20200723@153358-R_Astrodon_2018_calib.fits|ES2344+514|23 47 04.00|+51 42 18.0|356.7667|51.7050|1025.2166|1077.4601|R_Astrodon_2018|2459054.148645833|180.0|21.4327|2.7165|36.3036|1.6729
213|2020-07-23|14:11:43|KS1510-08-20200723@141138-R_Astrodon_2018_calib.fits|KS1510-08|15 12 50.50|-09 06 00.0|228.2104|-9.1000|946.9049|852.7335|R_Astrodon_2018|2459054.091469907|180.0|21.1239|3.2027|33.3973|1.8346
214|2020-07-23|14:14:59|KS1510-08-20200723@141458-R_Astrodon_2018_calib.fits|KS1510-08|15 12 50.50|-09 06 00.0|228.2104|-9.1000|949.6190|853.8653|R_Astrodon_2018|2459054.093738426|180.0|21.1107|3.0022|32.7418|1.8677
215|2020-07-23|15:26:30|L-Lacertae-20200723@152625-R_Astrodon_2018_calib.fits|L-Lacertae|22 02 43.30|+42 16 40.0|330.6804|42.2778|950.9434|973.2070|R_Astrodon_2018|2459054.1434027776|180.0|21.3819|2.6602|54.5386|1.2217
216|2020-07-23|15:29:46|L-Lacertae-20200723@152945-R_Astrodon_2018_calib.fits|L-Lacertae|22 02 43.30|+42 16 40.0|330.6804|42.2778|951.7684|973.7194|R_Astrodon_2018|2459054.1456712964|180.0|21.3697|2.5143|55.1049|1.2134
217|2020-07-23|14:33:06|Mkn501-20200723@143306-R_Astrodon_2018_calib.fits|Mkn501|16 53 52.20|+39 45 37.0|253.4675|39.7603|1024.3797|1016.6467|R_Astrodon_2018|2459054.1063194443|180.0|21.4165|2.2764|61.6821|1.1399
218|2020-07-23|14:36:22|Mkn501-20200723@143621-R_Astrodon_2018_calib.fits|Mkn501|16 53 52.20|+39 45 37.0|253.4675|39.7603|1024.6949|1017.3730|R_Astrodon_2018|2459054.108587963|180.0|21.4081|2.2906|61.1179|1.1462
219|2020-07-23|15:18:27|PKS2155-304-20200723@151822-R_Astrodon_2018_calib.fits|PKS2155-304|21 58 52.00|-30 13 32.0|329.7167|-30.2256|1061.9546|1119.9387|R_Astrodon_2018|2459054.1378125|180.0|20.9376|3.8507|25.4096|2.2894
220|2020-07-23|15:21:43|PKS2155-304-20200723@152142-R_Astrodon_2018_calib.fits|PKS2155-304|21 58 52.00|-30 13 32.0|329.7167|-30.2256|1061.8203|1120.0398|R_Astrodon_2018|2459054.1400810187|180.0|20.8965|4.1203|25.8428|2.2548
221|2020-07-24|13:51:37|3C345-20200724@135136-R_Astrodon_2018_calib.fits|3C345|16 42 58.80|+39 48 37.0|250.7450|39.8103|1027.3732|1029.5175|R_Astrodon_2018|2459055.077511574|180.0|20.3642|2.0162|66.0300|1.0972
222|2020-07-24|13:54:52|3C345-20200724@135451-R_Astrodon_2018_calib.fits|3C345|16 42 58.80|+39 48 37.0|250.7450|39.8103|1028.1911|1029.8707|R_Astrodon_2018|2459055.0797685185|180.0|20.3008|2.0121|65.5242|1.1017
223|2020-07-24|14:06:48|3C371-20200724@140643-R_Astrodon_2018_calib.fits|3C371|18 06 50.70|+69 49 28.0|271.7112|69.8244|1033.8623|1097.0177|R_Astrodon_2018|2459055.0880555557|180.0|20.0825|2.3690|43.5942|1.4491
224|2020-07-24|19:15:47|3C66A-20200724@191541-R_Astrodon_2018_calib.fits|3C66A|02 22 39.60|+43 02 08.0|35.6650|43.0356|992.7492|1050.2449|R_Astrodon_2018|2459055.302627315|180.0|20.2155|2.6040|49.7409|1.3035
225|2020-07-24|13:38:05|4C38-41-20200724@133804-R_Astrodon_2018_calib.fits|4C38-41|16 35 15.50|+38 08 04.0|248.8146|38.1344|1024.5516|1024.3232|R_Astrodon_2018|2459055.0681134257|180.0|20.4365|2.1501|67.9400|1.0815
226|2020-07-24|13:41:19|4C38-41-20200724@134118-R_Astrodon_2018_calib.fits|4C38-41|16 35 15.50|+38 08 04.0|248.8146|38.1344|1025.2291|1024.9967|R_Astrodon_2018|2459055.0703587965|180.0|20.5709|2.0271|67.4203|1.0857
227|2020-07-24|13:59:16|4C51-37-20200724@135911-R_Astrodon_2018_calib.fits|4C51-37|17 40 37.00|+52 11 43.0|265.1542|52.1953|1028.0793|1054.3754|R_Astrodon_2018|2459055.082824074|180.0|20.8712|2.0713|60.5806|1.1488
228|2020-07-24|14:02:31|4C51-37-20200724@140230-R_Astrodon_2018_calib.fits|4C51-37|17 40 37.00|+52 11 43.0|265.1542|52.1953|1028.3195|1053.2825|R_Astrodon_2018|2459055.0850810185|180.0|20.4209|2.1051|60.4399|1.1505
229|2020-07-24|19:08:10|AO0235+16-20200724@190805-R_Astrodon_2018_calib.fits|AO0235+16|02 38 38.90|+16 36 59.0|39.6621|16.6164|1022.1113|1022.8461|R_Astrodon_2018|2459055.297337963|180.0|20.4466|2.6112|43.8736|1.4287
230|2020-07-24|19:11:25|AO0235+16-20200724@191124-R_Astrodon_2018_calib.fits|AO0235+16|02 38 38.90|+16 36 59.0|39.6621|16.6164|1022.5856|1021.7189|R_Astrodon_2018|2459055.2995949076|180.0|20.5836|2.6257|44.6208|1.4099
231|2020-07-24|13:31:18|DA406-20200724@133113-R_Astrodon_2018_calib.fits|DA406|16 13 41.00|+34 12 48.0|243.4208|34.2133|1094.1505|935.1395|R_Astrodon_2018|2459055.063402778|180.0|20.5511|2.0944|67.2353|1.0878
232|2020-07-24|13:34:34|DA406-20200724@133433-R_Astrodon_2018_calib.fits|DA406|16 13 41.00|+34 12 48.0|243.4208|34.2133|1094.7064|936.3694|R_Astrodon_2018|2459055.0656712963|180.0|20.5632|2.0379|66.6054|1.0931
233|2020-07-24|13:23:35|KS1510-08-20200724@132329-R_Astrodon_2018_calib.fits|KS1510-08|15 12 50.50|-09 06 00.0|228.2104|-9.1000|931.6789|919.9004|R_Astrodon_2018|2459055.0580439814|180.0|20.4777|3.0285|41.8419|1.5092
234|2020-07-24|13:26:50|KS1510-08-20200724@132649-R_Astrodon_2018_calib.fits|KS1510-08|15 12 50.50|-09 06 00.0|228.2104|-9.1000|933.7286|920.7103|R_Astrodon_2018|2459055.0603009257|180.0|20.5054|3.0011|41.2527|1.5272
235|2020-07-24|13:44:50|Mkn501-20200724@134450-R_Astrodon_2018_calib.fits|Mkn501|16 53 52.20|+39 45 37.0|253.4675|39.7603|1023.9478|1026.0645|R_Astrodon_2018|2459055.072800926|180.0|20.7363|2.0414|68.6385|1.0759
236|2020-07-24|13:48:05|Mkn501-20200724@134804-R_Astrodon_2018_calib.fits|Mkn501|16 53 52.20|+39 45 37.0|253.4675|39.7603|1024.5967|1026.3203|R_Astrodon_2018|2459055.0750578702|180.0|20.7725|2.0070|68.1881|1.0794
237|2020-07-25|15:24:52|3C345-20200725@152447-R_Astrodon_2018_calib.fits|3C345|16 42 58.80|+39 48 37.0|250.7450|39.8103|1023.2923|1025.3658|R_Astrodon_2018|2459056.1422685185|180.0|20.4252|2.4362|48.7615|1.3380
238|2020-07-25|15:28:07|3C345-20200725@152806-R_Astrodon_2018_calib.fits|3C345|16 42 58.80|+39 48 37.0|250.7450|39.8103|1024.0641|1026.6339|R_Astrodon_2018|2459056.1445254628|180.0|20.4950|2.4185|48.1436|1.3511
239|2020-07-25|15:39:55|3C371-20200725@153950-R_Astrodon_2018_calib.fits|3C371|18 06 50.70|+69 49 28.0|271.7112|69.8244|1040.6632|1081.6563|R_Astrodon_2018|2459056.1527199075|180.0|21.3374|2.4099|40.7890|1.5332
240|2020-07-25|15:43:11|3C371-20200725@154310-R_Astrodon_2018_calib.fits|3C371|18 06 50.70|+69 49 28.0|271.7112|69.8244|1040.9833|1080.5656|R_Astrodon_2018|2459056.154988426|180.0|21.3131|2.2395|40.6267|1.5384
241|2020-07-25|15:55:30|3C454-3-20200725@155530-R_Astrodon_2018_calib.fits|3C454-3|22 53 57.70|+16 08 54.0|343.4904|16.1483|1019.7077|1029.5569|R_Astrodon_2018|2459056.1635416667|180.0|20.8414|2.3826|51.8576|1.2618
242|2020-07-25|15:58:45|3C454-3-20200725@155844-R_Astrodon_2018_calib.fits|3C454-3|22 53 57.70|+16 08 54.0|343.4904|16.1483|1019.9810|1028.6619|R_Astrodon_2018|2459056.165798611|180.0|20.8473|2.3329|52.6034|1.2493
243|2020-07-25|13:10:39|4C38-41-20200725@131039-R_Astrodon_2018_calib.fits|4C38-41|16 35 15.50|+38 08 04.0|248.8146|38.1344|1022.9735|1026.8433|R_Astrodon_2018|2459056.0490625|180.0|20.1506|2.1684|71.3869|1.0569
244|2020-07-25|13:13:54|4C38-41-20200725@131354-R_Astrodon_2018_calib.fits|4C38-41|16 35 15.50|+38 08 04.0|248.8146|38.1344|1023.9116|1026.3553|R_Astrodon_2018|2459056.0513194446|180.0|19.9632|2.0442|70.9514|1.0598
245|2020-07-25|15:32:22|4C51-37-20200725@153217-R_Astrodon_2018_calib.fits|4C51-37|17 40 37.00|+52 11 43.0|265.1542|52.1953|1034.8670|1017.3128|R_Astrodon_2018|2459056.147476852|180.0|21.4346|2.3952|52.0234|1.2733
246|2020-07-25|15:35:38|4C51-37-20200725@153537-R_Astrodon_2018_calib.fits|4C51-37|17 40 37.00|+52 11 43.0|265.1542|52.1953|1035.1677|1017.6587|R_Astrodon_2018|2459056.1497453703|180.0|21.3976|2.4845|51.6175|1.2806
247|2020-07-25|15:48:41|CTA102-20200725@154836-R_Astrodon_2018_calib.fits|CTA102|22 32 36.40|+11 43 51.0|338.1517|11.7308|1023.1840|1023.0601|R_Astrodon_2018|2459056.1588078705|180.0|21.1609|2.2523|53.5965|1.2336
248|2020-07-25|15:51:56|CTA102-20200725@155155-R_Astrodon_2018_calib.fits|CTA102|22 32 36.40|+11 43 51.0|338.1517|11.7308|1024.1638|1022.2881|R_Astrodon_2018|2459056.161064815|180.0|21.1730|2.2887|54.3255|1.2224
249|2020-07-25|13:03:24|DA406-20200725@130319-R_Astrodon_2018_calib.fits|DA406|16 13 41.00|+34 12 48.0|243.4208|34.2133|1098.3590|948.7985|R_Astrodon_2018|2459056.044027778|180.0|20.6425|2.0361|71.6783|1.0557
250|2020-07-25|13:06:40|DA406-20200725@130639-R_Astrodon_2018_calib.fits|DA406|16 13 41.00|+34 12 48.0|243.4208|34.2133|1098.3831|949.2462|R_Astrodon_2018|2459056.046296296|180.0|20.5819|2.0175|71.0959|1.0595
251|2020-07-25|16:18:59|ES2344+514-20200725@161853-R_Astrodon_2018_calib.fits|ES2344+514|23 47 04.00|+51 42 18.0|356.7667|51.7050|1028.5230|1061.3246|R_Astrodon_2018|2459056.179849537|180.0|21.1385|2.1541|44.2641|1.4241
252|2020-07-25|12:55:40|KS1510-08-20200725@125535-R_Astrodon_2018_calib.fits|KS1510-08|15 12 50.50|-09 06 00.0|228.2104|-9.1000|1023.8515|1024.7494|R_Astrodon_2018|2459056.0386574073|180.0|20.7034|2.8055|45.9894|1.3981
253|2020-07-25|12:58:55|KS1510-08-20200725@125854-R_Astrodon_2018_calib.fits|KS1510-08|15 12 50.50|-09 06 00.0|228.2104|-9.1000|1025.8504|1025.7480|R_Astrodon_2018|2459056.040914352|180.0|20.6804|2.4024|45.4501|1.4113
254|2020-07-25|16:11:22|L-Lacertae-20200725@161117-R_Astrodon_2018_calib.fits|L-Lacertae|22 02 43.30|+42 16 40.0|330.6804|42.2778|937.8216|991.2467|R_Astrodon_2018|2459056.174560185|180.0|21.4444|2.2603|63.1280|1.1180
255|2020-07-25|16:14:38|L-Lacertae-20200725@161437-R_Astrodon_2018_calib.fits|L-Lacertae|22 02 43.30|+42 16 40.0|330.6804|42.2778|938.8429|992.9184|R_Astrodon_2018|2459056.176828704|180.0|21.4540|2.1246|63.6070|1.1135
256|2020-07-25|13:17:25|Mkn501-20200725@131725-R_Astrodon_2018_calib.fits|Mkn501|16 53 52.20|+39 45 37.0|253.4675|39.7603|1022.2616|1030.5862|R_Astrodon_2018|2459056.053761574|180.0|19.7530|2.0427|71.4602|1.0560
257|2020-07-25|13:20:40|Mkn501-20200725@132040-R_Astrodon_2018_calib.fits|Mkn501|16 53 52.20|+39 45 37.0|253.4675|39.7603|1023.0884|1029.8736|R_Astrodon_2018|2459056.0560185183|180.0|19.7439|2.0439|71.1222|1.0583
258|2020-07-25|16:03:19|PKS2155-304-20200725@160314-R_Astrodon_2018_calib.fits|PKS2155-304|21 58 52.00|-30 13 32.0|329.7167|-30.2256|1062.4564|1126.8595|R_Astrodon_2018|2459056.1689699073|180.0|21.2340|2.6101|31.5004|1.8926
259|2020-07-25|16:06:34|PKS2155-304-20200725@160633-R_Astrodon_2018_calib.fits|PKS2155-304|21 58 52.00|-30 13 32.0|329.7167|-30.2256|1061.7601|1127.4721|R_Astrodon_2018|2459056.1712268516|180.0|21.2128|2.6496|31.8063|1.8768
260|2020-07-31|14:12:44|3C371-20200731@141239-R_Astrodon_2018_calib.fits|3C371|18 06 50.70|+69 49 28.0|271.7112|69.8244|1032.8887|1095.2332|R_Astrodon_2018|2459062.092175926|180.0|20.7895|5.6651|43.0985|1.4637
261|2020-07-31|14:16:00|3C371-20200731@141559-R_Astrodon_2018_calib.fits|3C371|18 06 50.70|+69 49 28.0|271.7112|69.8244|1032.7332|1093.1297|R_Astrodon_2018|2459062.0944444444|180.0|20.6995|5.7085|43.0222|1.4660
262|2020-07-31|16:36:02|3C371-20200731@163557-R_Astrodon_2018_calib.fits|3C371|18 06 50.70|+69 49 28.0|271.7112|69.8244|1043.8439|1073.3638|R_Astrodon_2018|2459062.191689815|180.0|21.2023|4.8675|35.8583|1.7128
263|2020-07-31|16:39:17|3C371-20200731@163916-R_Astrodon_2018_calib.fits|3C371|18 06 50.70|+69 49 28.0|271.7112|69.8244|1044.2133|1073.1439|R_Astrodon_2018|2459062.193946759|180.0|20.8865|4.4959|35.6210|1.7229
264|2020-07-31|16:51:45|3C454-3-20200731@165144-R_Astrodon_2018_calib.fits|3C454-3|22 53 57.70|+16 08 54.0|343.4904|16.1483|1017.9602|1025.9395|R_Astrodon_2018|2459062.2026041667|180.0|20.6389|3.6036|69.9172|1.0612
265|2020-07-31|16:54:59|3C454-3-20200731@165459-R_Astrodon_2018_calib.fits|3C454-3|22 53 57.70|+16 08 54.0|343.4904|16.1483|1018.0596|1026.4732|R_Astrodon_2018|2459062.204849537|180.0|20.6676|3.2791|70.6235|1.0566
266|2020-07-31|17:30:45|3C66A-20200731@173039-R_Astrodon_2018_calib.fits|3C66A|02 22 39.60|+43 02 08.0|35.6650|43.0356|1004.6696|1024.4738|R_Astrodon_2018|2459062.2296875|180.0|21.6207|3.6960|35.6891|1.6967
267|2020-07-31|14:05:11|4C51-37-20200731@140507-R_Astrodon_2018_calib.fits|4C51-37|17 40 37.00|+52 11 43.0|265.1542|52.1953|1023.5328|1024.6794|R_Astrodon_2018|2459062.0869328706|180.0|20.9109|4.9856|58.5707|1.1740
268|2020-07-31|14:08:26|4C51-37-20200731@140826-R_Astrodon_2018_calib.fits|4C51-37|17 40 37.00|+52 11 43.0|265.1542|52.1953|1023.7495|1024.4134|R_Astrodon_2018|2459062.089189815|180.0|20.9755|4.3858|58.3136|1.1774
269|2020-07-31|16:28:20|4C51-37-20200731@162815-R_Astrodon_2018_calib.fits|4C51-37|17 40 37.00|+52 11 43.0|265.1542|52.1953|1023.4852|1031.9005|R_Astrodon_2018|2459062.186342593|180.0|21.4075|3.3752|41.0326|1.5329
270|2020-07-31|16:31:44|4C51-37-20200731@163143-R_Astrodon_2018_calib.fits|4C51-37|17 40 37.00|+52 11 43.0|265.1542|52.1953|1023.8694|1032.7331|R_Astrodon_2018|2459062.1887037037|180.0|21.3471|4.3728|40.5272|1.5489
271|2020-07-31|17:23:07|AO0235+16-20200731@172302-R_Astrodon_2018_calib.fits|AO0235+16|02 38 38.90|+16 36 59.0|39.6621|16.6164|1062.3513|990.3993|R_Astrodon_2018|2459062.2243865742|180.0|21.4859|4.2129|26.1086|2.2243
272|2020-07-31|17:26:22|AO0235+16-20200731@172621-R_Astrodon_2018_calib.fits|AO0235+16|02 38 38.90|+16 36 59.0|39.6621|16.6164|1063.4159|988.7884|R_Astrodon_2018|2459062.2266435185|180.0|21.4732|3.7885|26.8494|2.1688
273|2020-07-31|14:21:26|CTA102-20200731@142121-R_Astrodon_2018_calib.fits|CTA102|22 32 36.40|+11 43 51.0|338.1517|11.7308|1024.2219|1023.7623|R_Astrodon_2018|2459062.0982175926|180.0|19.5154|5.5982|39.1092|1.5653
274|2020-07-31|16:44:56|CTA102-20200731@164451-R_Astrodon_2018_calib.fits|CTA102|22 32 36.40|+11 43 51.0|338.1517|11.7308|1021.6657|1024.8661|R_Astrodon_2018|2459062.1978703705|180.0|21.0690|3.6063|70.5766|1.0572
275|2020-07-31|16:48:11|CTA102-20200731@164810-R_Astrodon_2018_calib.fits|CTA102|22 32 36.40|+11 43 51.0|338.1517|11.7308|1021.6456|1027.7093|R_Astrodon_2018|2459062.200127315|180.0|21.1190|3.2807|71.1875|1.0535
276|2020-07-31|17:15:22|ES2344+514-20200731@171517-R_Astrodon_2018_calib.fits|ES2344+514|23 47 04.00|+51 42 18.0|356.7667|51.7050|1033.6258|1032.1082|R_Astrodon_2018|2459062.2190046296|180.0|21.6195|3.3119|54.8705|1.2197
277|2020-07-31|17:18:38|ES2344+514-20200731@171838-R_Astrodon_2018_calib.fits|ES2344+514|23 47 04.00|+51 42 18.0|356.7667|51.7050|1033.4786|1033.3587|R_Astrodon_2018|2459062.221273148|180.0|21.6795|3.0862|55.2376|1.2143
278|2020-07-31|17:07:47|L-Lacertae-20200731@170742-R_Astrodon_2018_calib.fits|L-Lacertae|22 02 43.30|+42 16 40.0|330.6804|42.2778|928.6516|1011.4714|R_Astrodon_2018|2459062.213738426|180.0|21.5070|3.6796|71.0176|1.0575
279|2020-07-31|17:11:02|L-Lacertae-20200731@171101-R_Astrodon_2018_calib.fits|L-Lacertae|22 02 43.30|+42 16 40.0|330.6804|42.2778|929.5509|1014.6228|R_Astrodon_2018|2459062.2159953704|180.0|21.5076|3.3767|71.0969|1.0571
280|2020-07-31|16:59:31|PKS2155-304-20200731@165926-R_Astrodon_2018_calib.fits|PKS2155-304|21 58 52.00|-30 13 32.0|329.7167|-30.2256|1054.7609|1148.2083|R_Astrodon_2018|2459062.2079976853|180.0|21.0483|3.6435|36.1556|1.6857
281|2020-07-31|17:02:46|PKS2155-304-20200731@170245-R_Astrodon_2018_calib.fits|PKS2155-304|21 58 52.00|-30 13 32.0|329.7167|-30.2256|1052.4285|1150.4912|R_Astrodon_2018|2459062.2102546296|180.0|21.0209|3.8006|36.2083|1.6839
