ID|DateObs|TimeObs|Filename|Object|RA_hhmmss|DEC_ddmmss|RA_deg|DEC_deg|RA_pix|Dec_pix|FilterName|JD|ExpTime_sec|Zmag|FWHM|Altitude|Airmass
1|2021-05-01|14:14:48|OJ248-20210501_141442-R_Astrodon_2018_calib.fits|OJ248|08 30 52.10|+24 11 00.0|127.7171|24.1833|1014.0937|1002.0243|R_Astrodon_2018|2459336.093611111|180.0|20.9704|3.5059|29.7112|2.0389
2|2021-05-01|14:18:05|OJ248-20210501_141805-R_Astrodon_2018_calib.fits|OJ248|08 30 52.10|+24 11 00.0|127.7171|24.1833|1014.6894|1002.6598|R_Astrodon_2018|2459336.0958912037|180.0|20.9690|3.7856|28.9839|2.0860
3|2021-05-01|14:21:52|OJ287-20210501_142151-R_Astrodon_2018_calib.fits|OJ287|08 54 48.90|+20 06 31.0|133.7037|20.1086|1019.1680|1022.3183|R_Astrodon_2018|2459336.0985185187|180.0|21.2129|2.8975|32.4352|1.8835
4|2021-05-01|14:25:09|OJ287-20210501_142509-R_Astrodon_2018_calib.fits|OJ287|08 54 48.90|+20 06 31.0|133.7037|20.1086|1019.6318|1023.2726|R_Astrodon_2018|2459336.100798611|180.0|21.5720|3.4110|31.6912|1.9234
5|2021-05-01|14:29:36|OJ49-20210501_142931-R_Astrodon_2018_calib.fits|OJ49|08 31 48.90|+04 29 39.0|127.9537|4.4942|1025.8258|1028.6069|R_Astrodon_2018|2459336.103888889|180.0|18.8221|4.1815|20.0625|2.9639
6|2021-05-01|14:32:55|OJ49-20210501_143255-R_Astrodon_2018_calib.fits|OJ49|08 31 48.90|+04 29 39.0|127.9537|4.4942|1027.3131|1030.6997|R_Astrodon_2018|2459336.1061921297|180.0|18.3559|4.1585|19.3015|3.0766
7|2021-05-01|13:28:57|PKS0735+17-20210501_132852-R_Astrodon_2018_calib.fits|PKS0735+17|07 38 07.40|+17 42 19.0|114.5308|17.7053|1027.2348|1012.9573|R_Astrodon_2018|2459336.0617708336|180.0|20.0928|3.7409|26.3906|2.2773
8|2021-05-01|14:10:23|PKS0735+17-20210501_141018-R_Astrodon_2018_calib.fits|PKS0735+17|07 38 07.40|+17 42 19.0|114.5308|17.7053|1031.2491|1038.9186|R_Astrodon_2018|2459336.0905439816|180.0|21.1821|3.8501|17.0275|3.4686
9|2021-05-06|15:08:42|3C273-20210506_150837-R_Astrodon_2018_calib.fits|3C273|12 29 06.70|+02 03 09.0|187.2779|2.0525|931.0976|1062.1100|R_Astrodon_2018|2459341.1310416665|180.0|21.3573|2.1276|57.3391|1.1931
10|2021-05-06|15:12:00|3C273-20210506_151159-R_Astrodon_2018_calib.fits|3C273|12 29 06.70|+02 03 09.0|187.2779|2.0525|931.5155|1061.2721|R_Astrodon_2018|2459341.1333333333|180.0|21.3700|2.2134|56.7307|1.2015
11|2021-05-06|13:21:43|3C279-20210506_132138-R_Astrodon_2018_calib.fits|3C279|12 56 11.10|-05 47 22.0|194.0462|-5.7894|1141.3719|1175.3224|R_Astrodon_2018|2459341.056747685|180.0|21.4325|2.6502|59.6866|1.1575
12|2021-05-06|13:25:01|3C279-20210506_132501-R_Astrodon_2018_calib.fits|3C279|12 56 11.10|-05 47 22.0|194.0462|-5.7894|1141.0582|1177.0755|R_Astrodon_2018|2459341.059039352|180.0|21.4448|2.4079|59.8878|1.1553
13|2021-05-06|15:48:20|3C345-20210506_154819-R_Astrodon_2018_calib.fits|3C345|16 42 58.80|+39 48 37.0|250.7450|39.8103|1025.9533|1025.4152|R_Astrodon_2018|2459341.158564815|180.0|21.0936|2.3403|61.2529|1.1357
14|2021-05-06|15:51:37|3C345-20210506_155137-R_Astrodon_2018_calib.fits|3C345|16 42 58.80|+39 48 37.0|250.7450|39.8103|1026.4668|1026.4076|R_Astrodon_2018|2459341.1608449076|180.0|21.0879|2.2668|61.8177|1.1298
15|2021-05-06|13:12:26|4C29-45-20210506_131221-R_Astrodon_2018_calib.fits|4C29-45|11 59 31.80|+29 14 44.0|179.8825|29.2456|1018.3463|1042.8210|R_Astrodon_2018|2459341.050300926|180.0|21.5109|2.0069|83.3332|1.0071
16|2021-05-06|13:15:45|4C29-45-20210506_131544-R_Astrodon_2018_calib.fits|4C29-45|11 59 31.80|+29 14 44.0|179.8825|29.2456|1018.4532|1042.2446|R_Astrodon_2018|2459341.052604167|180.0|21.5592|2.1609|82.9322|1.0080
17|2021-05-06|15:34:16|4C38-41-20210506_153411-R_Astrodon_2018_calib.fits|4C38-41|16 35 15.50|+38 08 04.0|248.8146|38.1344|1016.4505|1021.3567|R_Astrodon_2018|2459341.148796296|180.0|21.3739|2.2675|60.7957|1.1404
18|2021-05-06|15:37:34|4C38-41-20210506_153733-R_Astrodon_2018_calib.fits|4C38-41|16 35 15.50|+38 08 04.0|248.8146|38.1344|1017.1534|1022.2390|R_Astrodon_2018|2459341.151087963|180.0|21.3781|2.0507|61.399|1.1340
19|2021-05-06|15:56:04|4C51-37-20210506_155559-R_Astrodon_2018_calib.fits|4C51-37|17 40 37.00|+52 11 43.0|265.1542|52.1953|1020.7422|1017.2445|R_Astrodon_2018|2459341.1639351854|180.0|21.6272|2.4644|47.9008|1.3391
20|2021-05-06|15:59:22|4C51-37-20210506_155922-R_Astrodon_2018_calib.fits|4C51-37|17 40 37.00|+52 11 43.0|265.1542|52.1953|1021.9155|1017.6347|R_Astrodon_2018|2459341.1662268518|180.0|21.6413|2.5452|48.3498|1.3300
21|2021-05-06|12:48:29|4C71-07-20210506_124823-R_Astrodon_2018_calib.fits|4C71-07|08 41 24.30|+70 53 42.0|130.3512|70.8950|1068.7977|1024.0286|R_Astrodon_2018|2459341.0336689814|180.0|21.7041|3.1879|35.4596|1.7219
22|2021-05-06|12:51:48|4C71-07-20210506_125147-R_Astrodon_2018_calib.fits|4C71-07|08 41 24.30|+70 53 42.0|130.3512|70.8950|1067.0760|1024.1364|R_Astrodon_2018|2459341.035972222|180.0|21.6758|3.1864|35.2334|1.7315
23|2021-05-06|15:17:49|DA406-20210506_151744-R_Astrodon_2018_calib.fits|DA406|16 13 41.00|+34 12 48.0|243.4208|34.2133|1156.4952|1095.8539|R_Astrodon_2018|2459341.137372685|180.0|21.5224|2.2237|63.0292|1.1170
24|2021-05-06|15:21:08|DA406-20210506_152107-R_Astrodon_2018_calib.fits|DA406|16 13 41.00|+34 12 48.0|243.4208|34.2133|1157.0423|1096.8043|R_Astrodon_2018|2459341.139675926|180.0|21.5173|2.0954|63.689|1.1108
25|2021-05-06|15:25:51|KS1510-08-20210506_152546-R_Astrodon_2018_calib.fits|KS1510-08|15 12 50.50|-09 06 00.0|228.2104|-9.1000|1028.9608|1039.6823|R_Astrodon_2018|2459341.142951389|180.0|21.3421|2.3858|55.6496|1.2096
26|2021-05-06|15:29:09|KS1510-08-20210506_152909-R_Astrodon_2018_calib.fits|KS1510-08|15 12 50.50|-09 06 00.0|228.2104|-9.1000|1027.4516|1040.9486|R_Astrodon_2018|2459341.1452430557|180.0|21.3524|2.3560|55.8981|1.2062
27|2021-05-06|13:03:35|Mkn421-20210506_130329-R_Astrodon_2018_calib.fits|Mkn421|11 04 27.30|+38 12 32.0|166.1137|38.2089|1038.5747|1068.0765|R_Astrodon_2018|2459341.0441550924|180.0|21.5043|2.7165|70.3312|1.0631
28|2021-05-06|13:06:53|Mkn421-20210506_130653-R_Astrodon_2018_calib.fits|Mkn421|11 04 27.30|+38 12 32.0|166.1137|38.2089|1038.5121|1067.7940|R_Astrodon_2018|2459341.0464467593|180.0|21.5052|2.7536|69.8579|1.0664
29|2021-05-06|15:41:20|Mkn501-20210506_154119-R_Astrodon_2018_calib.fits|Mkn501|16 53 52.20|+39 45 37.0|253.4675|39.7603|1023.0963|1020.3347|R_Astrodon_2018|2459341.1537037035|180.0|21.5393|2.2849|58.1183|1.1717
30|2021-05-06|15:44:37|Mkn501-20210506_154437-R_Astrodon_2018_calib.fits|Mkn501|16 53 52.20|+39 45 37.0|253.4675|39.7603|1023.5360|1020.8957|R_Astrodon_2018|2459341.1559837963|180.0|21.5339|2.3274|58.7076|1.1645
31|2021-05-06|11:44:37|OJ248-20210506_114432-R_Astrodon_2018_calib.fits|OJ248|08 30 52.10|+24 11 00.0|127.7171|24.1833|1028.2796|1036.7000|R_Astrodon_2018|2459340.98931713|180.0|21.2537|3.0921|59.0865|1.1705
32|2021-05-06|11:47:55|OJ248-20210506_114754-R_Astrodon_2018_calib.fits|OJ248|08 30 52.10|+24 11 00.0|127.7171|24.1833|1027.6513|1036.1836|R_Astrodon_2018|2459340.991608796|180.0|21.2774|3.1384|58.3357|1.1799
33|2021-05-06|12:24:54|OJ287-20210506_122448-R_Astrodon_2018_calib.fits|OJ287|08 54 48.90|+20 06 31.0|133.7037|20.1086|1027.2250|1033.5092|R_Astrodon_2018|2459341.0172916665|180.0|21.7798|2.7984|54.6736|1.2320
34|2021-05-06|12:28:11|OJ287-20210506_122811-R_Astrodon_2018_calib.fits|OJ287|08 54 48.90|+20 06 31.0|133.7037|20.1086|1026.5836|1033.0248|R_Astrodon_2018|2459341.0195717593|180.0|21.7935|3.1218|53.9192|1.2439
35|2021-05-06|12:32:39|OJ49-20210506_123234-R_Astrodon_2018_calib.fits|OJ49|08 31 48.90|+04 29 39.0|127.9537|4.4942|1019.4000|1011.5021|R_Astrodon_2018|2459341.022673611|180.0|21.2539|2.6393|42.0821|1.5044
36|2021-05-06|12:35:57|OJ49-20210506_123557-R_Astrodon_2018_calib.fits|OJ49|08 31 48.90|+04 29 39.0|127.9537|4.4942|1018.8350|1011.2942|R_Astrodon_2018|2459341.024965278|180.0|21.2581|2.6788|41.352|1.5263
37|2021-05-06|13:31:13|ON231-20210506_133108-R_Astrodon_2018_calib.fits|ON231|12 21 31.70|+28 13 59.0|185.3821|28.2331|900.2631|1155.8458|R_Astrodon_2018|2459341.0633449075|180.0|21.4578|2.2411|84.5571|1.0048
38|2021-05-06|13:34:32|ON231-20210506_133431-R_Astrodon_2018_calib.fits|ON231|12 21 31.70|+28 13 59.0|185.3821|28.2331|899.9661|1155.3618|R_Astrodon_2018|2459341.0656481483|180.0|21.4514|2.3313|84.1588|1.0056
39|2021-05-06|11:36:55|PKS0735+17-20210506_113650-R_Astrodon_2018_calib.fits|PKS0735+17|07 38 07.40|+17 42 19.0|114.5308|17.7053|1017.1146|1217.0072|R_Astrodon_2018|2459340.9839699073|180.0|21.6596|2.8350|47.5334|1.3636
40|2021-05-06|11:40:13|PKS0735+17-20210506_114013-R_Astrodon_2018_calib.fits|PKS0735+17|07 38 07.40|+17 42 19.0|114.5308|17.7053|1016.8180|1216.1978|R_Astrodon_2018|2459340.986261574|180.0|21.6622|3.3365|46.7747|1.3805
41|2021-05-06|12:55:42|S4_0954+65-20210506_125542-R_Astrodon_2018_calib.fits|S4_0954+65|09 58 47.20|+65 33 55.0|149.6967|65.5653|1074.8525|1033.5121|R_Astrodon_2018|2459341.0386805558|180.0|21.1470|2.8912|43.8001|1.4440
42|2021-05-06|12:59:00|S4_0954+65-20210506_125900-R_Astrodon_2018_calib.fits|S4_0954+65|09 58 47.20|+65 33 55.0|149.6967|65.5653|1073.3895|1033.6045|R_Astrodon_2018|2459341.040972222|180.0|21.1523|2.9741|43.5822|1.4498
43|2021-05-06|12:40:48|S5_0716+71-20210506_124043-R_Astrodon_2018_calib.fits|S5_0716+71|07 21 53.40|+71 20 36.0|110.4725|71.3433|1056.3798|1028.1308|R_Astrodon_2018|2459341.0283333333|180.0|21.6499|3.4597|30.0276|1.9958
44|2021-05-06|12:44:06|S5_0716+71-20210506_124405-R_Astrodon_2018_calib.fits|S5_0716+71|07 21 53.40|+71 20 36.0|110.4725|71.3433|1055.4780|1027.7362|R_Astrodon_2018|2459341.030625|180.0|21.6485|3.4448|29.7726|2.0112
45|2021-05-07|15:29:27|3C279-20210507_152921-R_Astrodon_2018_calib.fits|3C279|12 56 11.10|-05 47 22.0|194.0462|-5.7894|1035.5613|1021.4251|R_Astrodon_2018|2459342.145451389|180.0|21.4643|2.5846|51.9699|1.2759
46|2021-05-07|15:32:45|3C279-20210507_153245-R_Astrodon_2018_calib.fits|3C279|12 56 11.10|-05 47 22.0|194.0462|-5.7894|1035.9762|1020.3579|R_Astrodon_2018|2459342.1477430556|180.0|21.4498|2.6695|51.4492|1.2853
47|2021-05-07|15:21:31|4C29-45-20210507_152126-R_Astrodon_2018_calib.fits|4C29-45|11 59 31.80|+29 14 44.0|179.8825|29.2456|1006.7323|989.1403|R_Astrodon_2018|2459342.1399421296|180.0|21.5157|2.6721|56.4332|1.2059
48|2021-05-07|15:24:49|4C29-45-20210507_152448-R_Astrodon_2018_calib.fits|4C29-45|11 59 31.80|+29 14 44.0|179.8825|29.2456|1007.0776|988.2470|R_Astrodon_2018|2459342.1422337964|180.0|21.5312|2.5718|55.7115|1.2163
49|2021-05-07|13:43:27|4C71-07-20210507_134321-R_Astrodon_2018_calib.fits|4C71-07|08 41 24.30|+70 53 42.0|130.3512|70.8950|1046.4019|1018.7455|R_Astrodon_2018|2459342.071840278|180.0|21.6328|2.5561|31.1458|1.9317
50|2021-05-07|13:46:46|4C71-07-20210507_134645-R_Astrodon_2018_calib.fits|4C71-07|08 41 24.30|+70 53 42.0|130.3512|70.8950|1045.8456|1019.2826|R_Astrodon_2018|2459342.0741435187|180.0|21.6245|2.4709|30.8876|1.9461
51|2021-05-07|13:58:29|Mkn421-20210507_135824-R_Astrodon_2018_calib.fits|Mkn421|11 04 27.30|+38 12 32.0|166.1137|38.2089|1022.7777|1048.3383|R_Astrodon_2018|2459342.0822800924|180.0|21.5082|3.3104|60.5088|1.1521
52|2021-05-07|14:01:47|Mkn421-20210507_140147-R_Astrodon_2018_calib.fits|Mkn421|11 04 27.30|+38 12 32.0|166.1137|38.2089|1022.5052|1048.3451|R_Astrodon_2018|2459342.084571759|180.0|21.4932|3.0565|59.9011|1.1592
53|2021-05-07|12:39:26|OJ248-20210507_123921-R_Astrodon_2018_calib.fits|OJ248|08 30 52.10|+24 11 00.0|127.7171|24.1833|1034.2406|1029.9051|R_Astrodon_2018|2459342.0273842593|180.0|21.2523|2.5119|45.772|1.4047
54|2021-05-07|12:42:44|OJ248-20210507_124243-R_Astrodon_2018_calib.fits|OJ248|08 30 52.10|+24 11 00.0|127.7171|24.1833|1033.9758|1030.1626|R_Astrodon_2018|2459342.029675926|180.0|21.2156|2.4770|45.0279|1.4229
55|2021-05-07|12:46:29|OJ287-20210507_124629-R_Astrodon_2018_calib.fits|OJ287|08 54 48.90|+20 06 31.0|133.7037|20.1086|1022.2691|1026.0626|R_Astrodon_2018|2459342.0322800926|180.0|21.7625|2.9555|48.8156|1.3371
56|2021-05-07|12:49:46|OJ287-20210507_124946-R_Astrodon_2018_calib.fits|OJ287|08 54 48.90|+20 06 31.0|133.7037|20.1086|1021.8218|1025.6311|R_Astrodon_2018|2459342.0345601854|180.0|21.7205|3.7382|48.0627|1.3529
57|2021-05-07|12:54:13|OJ49-20210507_125408-R_Astrodon_2018_calib.fits|OJ49|08 31 48.90|+04 29 39.0|127.9537|4.4942|1022.7369|1019.7712|R_Astrodon_2018|2459342.037650463|180.0|21.2608|2.2870|36.3982|1.7019
58|2021-05-07|12:57:31|OJ49-20210507_125730-R_Astrodon_2018_calib.fits|OJ49|08 31 48.90|+04 29 39.0|127.9537|4.4942|1022.6694|1020.1404|R_Astrodon_2018|2459342.0399421295|180.0|21.2492|2.2029|35.6563|1.7327
59|2021-05-07|15:37:22|ON231-20210507_153717-R_Astrodon_2018_calib.fits|ON231|12 21 31.70|+28 13 59.0|185.3821|28.2331|1018.4145|1017.8282|R_Astrodon_2018|2459342.150949074|180.0|21.4594|2.8905|57.7829|1.1875
60|2021-05-07|15:40:40|ON231-20210507_154040-R_Astrodon_2018_calib.fits|ON231|12 21 31.70|+28 13 59.0|185.3821|28.2331|1018.1448|1017.3069|R_Astrodon_2018|2459342.1532407408|180.0|21.4685|2.8352|57.0541|1.1973
61|2021-05-07|12:31:42|PKS0735+17-20210507_123137-R_Astrodon_2018_calib.fits|PKS0735+17|07 38 07.40|+17 42 19.0|114.5308|17.7053|1033.9885|1026.0089|R_Astrodon_2018|2459342.0220138887|180.0|21.6367|2.4105|34.0632|1.8027
62|2021-05-07|12:35:00|PKS0735+17-20210507_123500-R_Astrodon_2018_calib.fits|PKS0735+17|07 38 07.40|+17 42 19.0|114.5308|17.7053|1034.3145|1026.5051|R_Astrodon_2018|2459342.0243055555|180.0|21.6317|2.3975|33.3089|1.8389
63|2021-05-07|13:50:40|S4_0954+65-20210507_135040-R_Astrodon_2018_calib.fits|S4_0954+65|09 58 47.20|+65 33 55.0|149.6967|65.5653|1049.2584|1023.6717|R_Astrodon_2018|2459342.076851852|180.0|21.1799|2.5612|39.2969|1.5793
64|2021-05-07|13:53:57|S4_0954+65-20210507_135356-R_Astrodon_2018_calib.fits|S4_0954+65|09 58 47.20|+65 33 55.0|149.6967|65.5653|1047.9978|1024.2220|R_Astrodon_2018|2459342.0791319446|180.0|21.1744|2.5683|39.0127|1.5890
65|2021-05-07|13:02:22|S5_0716+71-20210507_130217-R_Astrodon_2018_calib.fits|S5_0716+71|07 21 53.40|+71 20 36.0|110.4725|71.3433|1054.3441|1029.3988|R_Astrodon_2018|2459342.043310185|180.0|21.6591|2.5651|28.0341|2.1246
66|2021-05-07|13:39:02|S5_0716+71-20210507_133857-R_Astrodon_2018_calib.fits|S5_0716+71|07 21 53.40|+71 20 36.0|110.4725|71.3433|1050.2244|1026.3754|R_Astrodon_2018|2459342.068773148|180.0|21.5568|2.4055|25.1085|2.3523
67|2021-05-08|15:05:20|3C273-20210508_150515-R_Astrodon_2018_calib.fits|3C273|12 29 06.70|+02 03 09.0|187.2779|2.0525|1020.2396|1014.0406|R_Astrodon_2018|2459343.1287037036|180.0|21.3377|2.2041|56.5081|1.2050
68|2021-05-08|15:08:38|3C273-20210508_150838-R_Astrodon_2018_calib.fits|3C273|12 29 06.70|+02 03 09.0|187.2779|2.0525|1020.0812|1013.0219|R_Astrodon_2018|2459343.1309953704|180.0|21.3851|2.2414|55.889|1.2139
69|2021-05-08|14:49:21|3C279-20210508_144915-R_Astrodon_2018_calib.fits|3C279|12 56 11.10|-05 47 22.0|194.0462|-5.7894|1033.7157|1028.3221|R_Astrodon_2018|2459343.1176041667|180.0|21.4977|2.3823|56.9151|1.1976
70|2021-05-08|14:52:39|3C279-20210508_145239-R_Astrodon_2018_calib.fits|3C279|12 56 11.10|-05 47 22.0|194.0462|-5.7894|1034.2312|1027.2913|R_Astrodon_2018|2459343.1198958335|180.0|21.4929|2.3040|56.5305|1.2031
71|2021-05-08|15:44:52|3C345-20210508_154452-R_Astrodon_2018_calib.fits|3C345|16 42 58.80|+39 48 37.0|250.7450|39.8103|1026.6844|1024.2858|R_Astrodon_2018|2459343.1561574074|180.0|21.1162|2.3260|62.008|1.1278
72|2021-05-08|15:48:09|3C345-20210508_154809-R_Astrodon_2018_calib.fits|3C345|16 42 58.80|+39 48 37.0|250.7450|39.8103|1027.2354|1025.1870|R_Astrodon_2018|2459343.1584375|180.0|21.1113|2.2414|62.5655|1.1222
73|2021-05-08|14:41:16|4C29-45-20210508_144110-R_Astrodon_2018_calib.fits|4C29-45|11 59 31.80|+29 14 44.0|179.8825|29.2456|1022.2192|1028.4791|R_Astrodon_2018|2459343.1119907405|180.0|21.5510|2.1214|64.3585|1.1130
74|2021-05-08|14:44:34|4C29-45-20210508_144434-R_Astrodon_2018_calib.fits|4C29-45|11 59 31.80|+29 14 44.0|179.8825|29.2456|1021.4971|1027.7617|R_Astrodon_2018|2459343.1142824073|180.0|21.5220|2.1042|63.6409|1.1199
75|2021-05-08|15:30:48|4C38-41-20210508_153042-R_Astrodon_2018_calib.fits|4C38-41|16 35 15.50|+38 08 04.0|248.8146|38.1344|1019.6354|1021.3528|R_Astrodon_2018|2459343.146388889|180.0|21.3926|2.3564|61.5987|1.1318
76|2021-05-08|15:34:06|4C38-41-20210508_153406-R_Astrodon_2018_calib.fits|4C38-41|16 35 15.50|+38 08 04.0|248.8146|38.1344|1020.3704|1021.9810|R_Astrodon_2018|2459343.1486805556|180.0|21.4042|2.3938|62.1963|1.1257
77|2021-05-08|15:52:33|4C51-37-20210508_155228-R_Astrodon_2018_calib.fits|4C51-37|17 40 37.00|+52 11 43.0|265.1542|52.1953|1023.5890|1015.7537|R_Astrodon_2018|2459343.1614930555|180.0|21.6631|2.6627|48.4915|1.3271
78|2021-05-08|15:55:51|4C51-37-20210508_155551-R_Astrodon_2018_calib.fits|4C51-37|17 40 37.00|+52 11 43.0|265.1542|52.1953|1024.6492|1015.9764|R_Astrodon_2018|2459343.1637847223|180.0|21.6631|2.6714|48.9354|1.3184
79|2021-05-08|12:56:30|4C71-07-20210508_125625-R_Astrodon_2018_calib.fits|4C71-07|08 41 24.30|+70 53 42.0|130.3512|70.8950|1061.6679|1028.4187|R_Astrodon_2018|2459343.039236111|180.0|21.6381|3.3948|34.3559|1.7702
80|2021-05-08|12:59:49|4C71-07-20210508_125949-R_Astrodon_2018_calib.fits|4C71-07|08 41 24.30|+70 53 42.0|130.3512|70.8950|1060.0330|1028.4045|R_Astrodon_2018|2459343.041539352|180.0|21.6763|3.2709|34.1192|1.7810
81|2021-05-08|15:14:20|DA406-20210508_151415-R_Astrodon_2018_calib.fits|DA406|16 13 41.00|+34 12 48.0|243.4208|34.2133|1150.1427|1106.8963|R_Astrodon_2018|2459343.1349537037|180.0|21.5419|2.2773|63.8999|1.1088
82|2021-05-08|15:17:39|DA406-20210508_151738-R_Astrodon_2018_calib.fits|DA406|16 13 41.00|+34 12 48.0|243.4208|34.2133|1150.5898|1107.6872|R_Astrodon_2018|2459343.1372569446|180.0|21.5438|2.2504|64.5557|1.1029
83|2021-05-08|15:22:23|KS1510-08-20210508_152218-R_Astrodon_2018_calib.fits|KS1510-08|15 12 50.50|-09 06 00.0|228.2104|-9.1000|1020.8139|1040.8177|R_Astrodon_2018|2459343.1405439815|180.0|21.3649|2.5842|55.9769|1.2052
84|2021-05-08|15:25:41|KS1510-08-20210508_152541-R_Astrodon_2018_calib.fits|KS1510-08|15 12 50.50|-09 06 00.0|228.2104|-9.1000|1018.7607|1042.3684|R_Astrodon_2018|2459343.1428356483|180.0|21.3746|2.4023|56.202|1.2022
85|2021-05-08|14:33:31|Mkn421-20210508_143326-R_Astrodon_2018_calib.fits|Mkn421|11 04 27.30|+38 12 32.0|166.1137|38.2089|1026.0670|1011.8856|R_Astrodon_2018|2459343.1066087964|180.0|21.5068|2.8738|53.1506|1.2548
86|2021-05-08|14:36:50|Mkn421-20210508_143650-R_Astrodon_2018_calib.fits|Mkn421|11 04 27.30|+38 12 32.0|166.1137|38.2089|1025.7294|1011.7949|R_Astrodon_2018|2459343.108912037|180.0|21.4995|3.2335|52.5104|1.2656
87|2021-05-08|15:37:52|Mkn501-20210508_153751-R_Astrodon_2018_calib.fits|Mkn501|16 53 52.20|+39 45 37.0|253.4675|39.7603|1023.5324|1018.8211|R_Astrodon_2018|2459343.151296296|180.0|21.5546|2.5136|58.9067|1.1621
88|2021-05-08|15:41:09|Mkn501-20210508_154109-R_Astrodon_2018_calib.fits|Mkn501|16 53 52.20|+39 45 37.0|253.4675|39.7603|1024.1457|1019.7347|R_Astrodon_2018|2459343.153576389|180.0|21.5691|2.4099|59.4909|1.1552
89|2021-05-08|12:25:53|OJ248-20210508_122547-R_Astrodon_2018_calib.fits|OJ248|08 30 52.10|+24 11 00.0|127.7171|24.1833|1023.2445|1029.9462|R_Astrodon_2018|2459343.017974537|180.0|21.2655|3.2497|47.9435|1.3551
90|2021-05-08|12:29:11|OJ248-20210508_122911-R_Astrodon_2018_calib.fits|OJ248|08 30 52.10|+24 11 00.0|127.7171|24.1833|1022.6901|1029.8275|R_Astrodon_2018|2459343.0202662037|180.0|21.2489|3.7253|47.198|1.3714
91|2021-05-08|12:32:57|OJ287-20210508_123256-R_Astrodon_2018_calib.fits|OJ287|08 54 48.90|+20 06 31.0|133.7037|20.1086|1022.5480|1026.7548|R_Astrodon_2018|2459343.0228819447|180.0|21.7607|2.9832|51.0186|1.2939
92|2021-05-08|12:36:14|OJ287-20210508_123613-R_Astrodon_2018_calib.fits|OJ287|08 54 48.90|+20 06 31.0|133.7037|20.1086|1022.0319|1026.3302|R_Astrodon_2018|2459343.025162037|180.0|21.7734|2.6563|50.265|1.3082
93|2021-05-08|12:40:39|OJ49-20210508_124034-R_Astrodon_2018_calib.fits|OJ49|08 31 48.90|+04 29 39.0|127.9537|4.4942|1022.0702|1018.1667|R_Astrodon_2018|2459343.0282291668|180.0|21.2211|3.3734|38.5567|1.6192
94|2021-05-08|12:43:58|OJ49-20210508_124357-R_Astrodon_2018_calib.fits|OJ49|08 31 48.90|+04 29 39.0|127.9537|4.4942|1022.0838|1018.1342|R_Astrodon_2018|2459343.0305324076|180.0|21.2525|2.9735|37.815|1.6463
95|2021-05-08|14:57:18|ON231-20210508_145712-R_Astrodon_2018_calib.fits|ON231|12 21 31.70|+28 13 59.0|185.3821|28.2331|1017.4836|1018.2101|R_Astrodon_2018|2459343.123125|180.0|21.4632|2.4553|65.7528|1.1004
96|2021-05-08|15:00:37|ON231-20210508_150036-R_Astrodon_2018_calib.fits|ON231|12 21 31.70|+28 13 59.0|185.3821|28.2331|1016.8552|1017.2404|R_Astrodon_2018|2459343.1254282407|180.0|21.4601|2.3696|65.0231|1.1069
97|2021-05-08|12:18:08|PKS0735+17-20210508_121803-R_Astrodon_2018_calib.fits|PKS0735+17|07 38 07.40|+17 42 19.0|114.5308|17.7053|1023.9360|1020.1652|R_Astrodon_2018|2459343.0125925927|180.0|21.6248|3.5199|36.2677|1.7059
98|2021-05-08|12:21:27|PKS0735+17-20210508_122127-R_Astrodon_2018_calib.fits|PKS0735+17|07 38 07.40|+17 42 19.0|114.5308|17.7053|1023.8829|1020.7379|R_Astrodon_2018|2459343.0148958336|180.0|21.6358|3.2173|35.5085|1.7376
99|2021-05-08|13:03:45|S4_0954+65-20210508_130345-R_Astrodon_2018_calib.fits|S4_0954+65|09 58 47.20|+65 33 55.0|149.6967|65.5653|1068.0396|1035.8780|R_Astrodon_2018|2459343.0442708335|180.0|21.1375|2.9929|42.7081|1.4738
100|2021-05-08|13:07:02|S4_0954+65-20210508_130702-R_Astrodon_2018_calib.fits|S4_0954+65|09 58 47.20|+65 33 55.0|149.6967|65.5653|1066.2443|1035.7345|R_Astrodon_2018|2459343.046550926|180.0|21.1586|2.9375|42.4702|1.4806
101|2021-05-08|12:48:49|S5_0716+71-20210508_124843-R_Astrodon_2018_calib.fits|S5_0716+71|07 21 53.40|+71 20 36.0|110.4725|71.3433|1053.9498|1029.9733|R_Astrodon_2018|2459343.033900463|180.0|21.6037|3.7849|28.7918|2.0735
102|2021-05-08|12:52:07|S5_0716+71-20210508_125207-R_Astrodon_2018_calib.fits|S5_0716+71|07 21 53.40|+71 20 36.0|110.4725|71.3433|1052.9418|1030.4506|R_Astrodon_2018|2459343.03619213|180.0|21.6050|3.6070|28.5325|2.0906
103|2021-05-10|15:09:49|3C273-20210510_150944-R_Astrodon_2018_calib.fits|3C273|12 29 06.70|+02 03 09.0|187.2779|2.0525|1020.8712|1008.4370|R_Astrodon_2018|2459345.1318171294|180.0|20.9272|1.9693|54.1555|1.2404
104|2021-05-10|15:13:23|3C273-20210510_151322-R_Astrodon_2018_calib.fits|3C273|12 29 06.70|+02 03 09.0|187.2779|2.0525|1020.6392|1007.3217|R_Astrodon_2018|2459345.1342939814|180.0|20.7988|2.0187|53.4586|1.2516
105|2021-05-10|14:54:21|3C279-20210510_145416-R_Astrodon_2018_calib.fits|3C279|12 56 11.10|-05 47 22.0|194.0462|-5.7894|1033.6502|1032.3440|R_Astrodon_2018|2459345.1210763888|180.0|21.4871|2.2256|55.3336|1.2207
106|2021-05-10|14:57:40|3C279-20210510_145739-R_Astrodon_2018_calib.fits|3C279|12 56 11.10|-05 47 22.0|194.0462|-5.7894|1034.3015|1031.3299|R_Astrodon_2018|2459345.1233796296|180.0|21.4543|2.1646|54.8916|1.2274
107|2021-05-10|15:48:51|3C345-20210510_154851-R_Astrodon_2018_calib.fits|3C345|16 42 58.80|+39 48 37.0|250.7450|39.8103|1026.9025|1026.6945|R_Astrodon_2018|2459345.158923611|180.0|21.0779|2.2358|63.9906|1.1086
108|2021-05-10|15:52:08|3C345-20210510_155208-R_Astrodon_2018_calib.fits|3C345|16 42 58.80|+39 48 37.0|250.7450|39.8103|1027.3983|1027.9969|R_Astrodon_2018|2459345.161203704|180.0|21.0778|2.1655|64.5248|1.1038
109|2021-05-10|16:04:01|3C371-20210510_160356-R_Astrodon_2018_calib.fits|3C371|18 06 50.70|+69 49 28.0|271.7112|69.8244|1030.6145|1028.1463|R_Astrodon_2018|2459345.1694560186|180.0|21.4646|2.1880|37.7349|1.6236
110|2021-05-10|16:07:20|3C371-20210510_160719-R_Astrodon_2018_calib.fits|3C371|18 06 50.70|+69 49 28.0|271.7112|69.8244|1032.6314|1028.0433|R_Astrodon_2018|2459345.1717592594|180.0|21.4695|2.4882|37.9523|1.6160
111|2021-05-10|14:46:30|4C29-45-20210510_144625-R_Astrodon_2018_calib.fits|4C29-45|11 59 31.80|+29 14 44.0|179.8825|29.2456|1025.8968|1033.1303|R_Astrodon_2018|2459345.115625|180.0|21.5381|2.0668|61.5064|1.1422
112|2021-05-10|14:49:49|4C29-45-20210510_144949-R_Astrodon_2018_calib.fits|4C29-45|11 59 31.80|+29 14 44.0|179.8825|29.2456|1025.4132|1032.6279|R_Astrodon_2018|2459345.117928241|180.0|21.5144|2.1839|60.7827|1.1503
113|2021-05-10|15:35:09|4C38-41-20210510_153504-R_Astrodon_2018_calib.fits|4C38-41|16 35 15.50|+38 08 04.0|248.8146|38.1344|1021.8994|1022.5314|R_Astrodon_2018|2459345.149409722|180.0|21.2763|2.2576|63.7866|1.1103
114|2021-05-10|15:38:28|4C38-41-20210510_153827-R_Astrodon_2018_calib.fits|4C38-41|16 35 15.50|+38 08 04.0|248.8146|38.1344|1022.6751|1023.3940|R_Astrodon_2018|2459345.151712963|180.0|21.3775|2.2336|64.3683|1.1050
115|2021-05-10|15:56:27|4C51-37-20210510_155622-R_Astrodon_2018_calib.fits|4C51-37|17 40 37.00|+52 11 43.0|265.1542|52.1953|1025.8024|1019.0480|R_Astrodon_2018|2459345.164201389|180.0|21.6404|2.2060|50.055|1.2970
116|2021-05-10|15:59:45|4C51-37-20210510_155944-R_Astrodon_2018_calib.fits|4C51-37|17 40 37.00|+52 11 43.0|265.1542|52.1953|1026.5827|1019.5010|R_Astrodon_2018|2459345.1664930554|180.0|21.6445|2.0756|50.4835|1.2892
117|2021-05-10|15:18:55|DA406-20210510_151850-R_Astrodon_2018_calib.fits|DA406|16 13 41.00|+34 12 48.0|243.4208|34.2133|1157.7408|1113.3047|R_Astrodon_2018|2459345.138136574|180.0|21.3957|2.2458|66.3424|1.0877
118|2021-05-10|15:22:13|DA406-20210510_152213-R_Astrodon_2018_calib.fits|DA406|16 13 41.00|+34 12 48.0|243.4208|34.2133|1158.0269|1114.5844|R_Astrodon_2018|2459345.140428241|180.0|21.2582|2.2433|66.9805|1.0826
119|2021-05-10|15:26:58|KS1510-08-20210510_152653-R_Astrodon_2018_calib.fits|KS1510-08|15 12 50.50|-09 06 00.0|228.2104|-9.1000|1017.4526|1042.7526|R_Astrodon_2018|2459345.143726852|180.0|21.1708|2.4523|56.7311|1.1953
120|2021-05-10|15:30:16|KS1510-08-20210510_153016-R_Astrodon_2018_calib.fits|KS1510-08|15 12 50.50|-09 06 00.0|228.2104|-9.1000|1015.0304|1044.1490|R_Astrodon_2018|2459345.1460185186|180.0|21.3340|2.3525|56.8867|1.1934
121|2021-05-10|14:38:55|Mkn421-20210510_143850-R_Astrodon_2018_calib.fits|Mkn421|11 04 27.30|+38 12 32.0|166.1137|38.2089|998.2508|1030.7356|R_Astrodon_2018|2459345.110358796|180.0|21.0085|2.5493|50.5819|1.3003
122|2021-05-10|14:42:13|Mkn421-20210510_144213-R_Astrodon_2018_calib.fits|Mkn421|11 04 27.30|+38 12 32.0|166.1137|38.2089|998.2856|1030.5106|R_Astrodon_2018|2459345.112650463|180.0|21.0514|2.3484|49.9396|1.3126
123|2021-05-10|15:42:02|Mkn501-20210510_154201-R_Astrodon_2018_calib.fits|Mkn501|16 53 52.20|+39 45 37.0|253.4675|39.7603|1024.2471|1021.5445|R_Astrodon_2018|2459345.154189815|180.0|21.5299|2.2813|61.0266|1.1381
124|2021-05-10|15:45:19|Mkn501-20210510_154519-R_Astrodon_2018_calib.fits|Mkn501|16 53 52.20|+39 45 37.0|253.4675|39.7603|1024.8567|1022.2562|R_Astrodon_2018|2459345.1564699076|180.0|21.5311|2.2433|61.5944|1.1321
125|2021-05-10|14:03:56|OJ248-20210510_140350-R_Astrodon_2018_calib.fits|OJ248|08 30 52.10|+24 11 00.0|127.7171|24.1833|980.8092|978.7831|R_Astrodon_2018|2459345.0860648146|180.0|20.6914|2.5749|24.2989|2.4605
126|2021-05-10|14:07:13|OJ248-20210510_140713-R_Astrodon_2018_calib.fits|OJ248|08 30 52.10|+24 11 00.0|127.7171|24.1833|982.3432|979.0053|R_Astrodon_2018|2459345.0883449074|180.0|20.7010|2.5909|23.5777|2.5318
127|2021-05-10|14:10:47|OJ287-20210510_141047-R_Astrodon_2018_calib.fits|OJ287|08 54 48.90|+20 06 31.0|133.7037|20.1086|1020.7522|1018.9361|R_Astrodon_2018|2459345.0908217593|180.0|21.1440|2.3913|26.9423|2.2337
128|2021-05-10|14:14:04|OJ287-20210510_141404-R_Astrodon_2018_calib.fits|OJ287|08 54 48.90|+20 06 31.0|133.7037|20.1086|1022.1825|1019.9612|R_Astrodon_2018|2459345.0931018516|180.0|20.7476|2.4476|26.2029|2.2928
129|2021-05-10|14:23:13|OJ287-20210510_142308-R_Astrodon_2018_calib.fits|OJ287|08 54 48.90|+20 06 31.0|133.7037|20.1086|1027.6331|1010.6661|R_Astrodon_2018|2459345.0994560183|180.0|21.3700|2.4972|24.1458|2.4776
130|2021-05-10|14:26:32|OJ287-20210510_142632-R_Astrodon_2018_calib.fits|OJ287|08 54 48.90|+20 06 31.0|133.7037|20.1086|1028.8572|1011.6067|R_Astrodon_2018|2459345.101759259|180.0|21.0191|2.6185|23.4016|2.5521
131|2021-05-10|15:02:09|ON231-20210510_150204-R_Astrodon_2018_calib.fits|ON231|12 21 31.70|+28 13 59.0|185.3821|28.2331|1018.5025|1018.4136|R_Astrodon_2018|2459345.1264930554|180.0|21.4526|2.4706|62.9528|1.1270
132|2021-05-10|15:05:27|ON231-20210510_150527-R_Astrodon_2018_calib.fits|ON231|12 21 31.70|+28 13 59.0|185.3821|28.2331|1017.7161|1017.8690|R_Astrodon_2018|2459345.128784722|180.0|21.4278|2.2517|62.225|1.1346
133|2021-05-10|14:31:10|S4_0954+65-20210510_143105-R_Astrodon_2018_calib.fits|S4_0954+65|09 58 47.20|+65 33 55.0|149.6967|65.5653|1040.5182|1028.2711|R_Astrodon_2018|2459345.104976852|180.0|21.0422|2.1029|34.471|1.7685
134|2021-05-10|14:34:29|S4_0954+65-20210510_143429-R_Astrodon_2018_calib.fits|S4_0954+65|09 58 47.20|+65 33 55.0|149.6967|65.5653|1039.4668|1027.9727|R_Astrodon_2018|2459345.107280093|180.0|21.0179|2.2984|34.1472|1.7831
135|2021-05-11|18:47:14|3C345-20210511_184714-R_Astrodon_2018_calib.fits|3C345|16 42 58.80|+39 48 37.0|250.7450|39.8103|1017.9251|1022.7575|R_Astrodon_2018|2459346.282800926|180.0|21.1074|3.0802|65.4521|1.1022
136|2021-05-11|18:50:31|3C345-20210511_185030-R_Astrodon_2018_calib.fits|3C345|16 42 58.80|+39 48 37.0|250.7450|39.8103|1017.2416|1021.9795|R_Astrodon_2018|2459346.2850810187|180.0|21.1059|3.0726|64.9315|1.1070
137|2021-05-11|19:02:49|3C371-20210511_190243-R_Astrodon_2018_calib.fits|3C371|18 06 50.70|+69 49 28.0|271.7112|69.8244|1051.2641|1037.2899|R_Astrodon_2018|2459346.293622685|180.0|21.5469|3.7776|43.5617|1.4502
138|2021-05-11|19:06:07|3C371-20210511_190606-R_Astrodon_2018_calib.fits|3C371|18 06 50.70|+69 49 28.0|271.7112|69.8244|1049.9035|1036.5377|R_Astrodon_2018|2459346.295914352|180.0|21.5514|3.6064|43.5298|1.4512
139|2021-05-11|18:33:23|4C38-41-20210511_183318-R_Astrodon_2018_calib.fits|4C38-41|16 35 15.50|+38 08 04.0|248.8146|38.1344|1037.0110|1060.6823|R_Astrodon_2018|2459346.2731828704|180.0|21.3801|3.0075|67.3944|1.0858
140|2021-05-11|18:36:41|4C38-41-20210511_183641-R_Astrodon_2018_calib.fits|4C38-41|16 35 15.50|+38 08 04.0|248.8146|38.1344|1035.3218|1059.9295|R_Astrodon_2018|2459346.275474537|180.0|21.3688|2.9654|66.8546|1.0903
141|2021-05-11|18:55:10|4C51-37-20210511_185505-R_Astrodon_2018_calib.fits|4C51-37|17 40 37.00|+52 11 43.0|265.1542|52.1953|1031.6410|1045.8290|R_Astrodon_2018|2459346.288310185|180.0|21.6907|3.2898|60.4059|1.1509
142|2021-05-11|18:58:28|4C51-37-20210511_185828-R_Astrodon_2018_calib.fits|4C51-37|17 40 37.00|+52 11 43.0|265.1542|52.1953|1030.3381|1044.9129|R_Astrodon_2018|2459346.290601852|180.0|21.6935|3.1887|60.2476|1.1528
143|2021-05-11|18:17:32|DA406-20210511_181726-R_Astrodon_2018_calib.fits|DA406|16 13 41.00|+34 12 48.0|243.4208|34.2133|879.2520|1140.1772|R_Astrodon_2018|2459346.262175926|180.0|21.5126|3.0566|68.3178|1.0790
144|2021-05-11|18:20:50|DA406-20210511_182049-R_Astrodon_2018_calib.fits|DA406|16 13 41.00|+34 12 48.0|243.4208|34.2133|878.2241|1139.6562|R_Astrodon_2018|2459346.264467593|180.0|21.5116|2.8754|67.6901|1.0839
145|2021-05-11|18:25:22|KS1510-08-20210511_182517-R_Astrodon_2018_calib.fits|KS1510-08|15 12 50.50|-09 06 00.0|228.2104|-9.1000|1009.7845|987.3298|R_Astrodon_2018|2459346.2676157407|180.0|21.1755|4.1109|40.0338|1.5663
146|2021-05-11|18:28:40|KS1510-08-20210511_182840-R_Astrodon_2018_calib.fits|KS1510-08|15 12 50.50|-09 06 00.0|228.2104|-9.1000|1010.1815|986.1242|R_Astrodon_2018|2459346.2699074075|180.0|21.1017|3.9536|39.4183|1.5869
147|2021-05-11|18:40:21|Mkn501-20210511_184020-R_Astrodon_2018_calib.fits|Mkn501|16 53 52.20|+39 45 37.0|253.4675|39.7603|1021.1469|1027.6558|R_Astrodon_2018|2459346.278020833|180.0|21.5711|2.9487|68.1375|1.0797
148|2021-05-11|18:43:41|Mkn501-20210511_184340-R_Astrodon_2018_calib.fits|Mkn501|16 53 52.20|+39 45 37.0|253.4675|39.7603|1019.7810|1027.1053|R_Astrodon_2018|2459346.280335648|180.0|21.5640|2.8802|67.6618|1.0835
149|2021-05-12|11:54:04|PKS0735+17-20210512_115359-R_Astrodon_2018_calib.fits|PKS0735+17|07 38 07.40|+17 42 19.0|114.5308|17.7053|1023.9508|1021.1316|R_Astrodon_2018|2459346.9958796296|180.0|21.6339|2.4572|38.1781|1.6319
150|2021-05-12|11:57:22|PKS0735+17-20210512_115722-R_Astrodon_2018_calib.fits|PKS0735+17|07 38 07.40|+17 42 19.0|114.5308|17.7053|1024.1531|1021.0134|R_Astrodon_2018|2459346.9981712964|180.0|21.6186|2.6968|37.4218|1.6600
151|2021-05-13|17:28:46|3C273-20210513_172841-R_Astrodon_2018_calib.fits|3C273|12 29 06.70|+02 03 09.0|187.2779|2.0525|1020.4389|1029.5256|R_Astrodon_2018|2459348.228310185|180.0|21.0803|2.5219|21.4303|2.7834
152|2021-05-13|17:32:04|3C273-20210513_173204-R_Astrodon_2018_calib.fits|3C273|12 29 06.70|+02 03 09.0|187.2779|2.0525|1020.7204|1030.8530|R_Astrodon_2018|2459348.230601852|180.0|20.9005|2.6265|20.6775|2.8806
153|2021-05-13|17:13:24|3C279-20210513_171319-R_Astrodon_2018_calib.fits|3C279|12 56 11.10|-05 47 22.0|194.0462|-5.7894|1015.2787|1026.1396|R_Astrodon_2018|2459348.217638889|180.0|21.2066|2.3091|27.3064|2.2087
154|2021-05-13|17:16:42|3C279-20210513_171641-R_Astrodon_2018_calib.fits|3C279|12 56 11.10|-05 47 22.0|194.0462|-5.7894|1015.8028|1026.8371|R_Astrodon_2018|2459348.2199305557|180.0|21.1771|2.2653|26.5939|2.2638
155|2021-05-13|18:07:22|3C345-20210513_180722-R_Astrodon_2018_calib.fits|3C345|16 42 58.80|+39 48 37.0|250.7450|39.8103|1019.6623|1022.3542|R_Astrodon_2018|2459348.255115741|180.0|21.0771|2.1276|69.9822|1.0659
156|2021-05-13|18:10:39|3C345-20210513_181038-R_Astrodon_2018_calib.fits|3C345|16 42 58.80|+39 48 37.0|250.7450|39.8103|1019.4008|1021.9063|R_Astrodon_2018|2459348.2573958333|180.0|21.0611|2.0437|69.5735|1.0689
157|2021-05-13|18:24:06|3C371-20210513_182401-R_Astrodon_2018_calib.fits|3C371|18 06 50.70|+69 49 28.0|271.7112|69.8244|1182.3615|1112.3534|R_Astrodon_2018|2459348.266736111|180.0|21.4936|2.3898|43.6079|1.4488
158|2021-05-13|18:27:23|3C371-20210513_182723-R_Astrodon_2018_calib.fits|3C371|18 06 50.70|+69 49 28.0|271.7112|69.8244|1183.1306|1113.0602|R_Astrodon_2018|2459348.269016204|180.0|21.5070|2.2810|43.6247|1.4485
159|2021-05-13|17:05:39|4C29-45-20210513_170534-R_Astrodon_2018_calib.fits|4C29-45|11 59 31.80|+29 14 44.0|179.8825|29.2456|1005.6201|1007.6119|R_Astrodon_2018|2459348.2122569443|180.0|21.2418|2.4303|28.708|2.1063
160|2021-05-13|17:08:57|4C29-45-20210513_170857-R_Astrodon_2018_calib.fits|4C29-45|11 59 31.80|+29 14 44.0|179.8825|29.2456|1006.2746|1008.3042|R_Astrodon_2018|2459348.214548611|180.0|21.3537|2.4641|28.0033|2.1553
161|2021-05-13|17:53:21|4C38-41-20210513_175316-R_Astrodon_2018_calib.fits|4C38-41|16 35 15.50|+38 08 04.0|248.8146|38.1344|1035.7268|1060.2906|R_Astrodon_2018|2459348.2453819443|180.0|21.3816|1.9875|72.0592|1.0525
162|2021-05-13|17:56:39|4C38-41-20210513_175639-R_Astrodon_2018_calib.fits|4C38-41|16 35 15.50|+38 08 04.0|248.8146|38.1344|1034.6347|1059.7969|R_Astrodon_2018|2459348.247673611|180.0|21.3836|1.9708|71.6438|1.0551
163|2021-05-13|18:14:59|4C51-37-20210513_181454-R_Astrodon_2018_calib.fits|4C51-37|17 40 37.00|+52 11 43.0|265.1542|52.1953|1031.3051|1045.7064|R_Astrodon_2018|2459348.2604050925|180.0|21.6301|1.9001|61.2589|1.1402
164|2021-05-13|18:18:16|4C51-37-20210513_181816-R_Astrodon_2018_calib.fits|4C51-37|17 40 37.00|+52 11 43.0|265.1542|52.1953|1030.5722|1044.7662|R_Astrodon_2018|2459348.2626851853|180.0|21.6263|1.9273|61.232|1.1407
165|2021-05-13|17:36:43|DA406-20210513_173638-R_Astrodon_2018_calib.fits|DA406|16 13 41.00|+34 12 48.0|243.4208|34.2133|1033.4421|1073.7048|R_Astrodon_2018|2459348.2338310187|180.0|21.4929|2.0497|74.1611|1.0411
166|2021-05-13|17:40:12|DA406-20210513_174012-R_Astrodon_2018_calib.fits|DA406|16 13 41.00|+34 12 48.0|243.4208|34.2133|1032.3039|1073.6050|R_Astrodon_2018|2459348.23625|180.0|21.4878|1.9311|73.5935|1.0442
167|2021-05-13|17:44:46|KS1510-08-20210513_174441-R_Astrodon_2018_calib.fits|KS1510-08|15 12 50.50|-09 06 00.0|228.2104|-9.1000|1011.0484|988.4986|R_Astrodon_2018|2459348.2394212964|180.0|21.2615|2.1407|45.8037|1.4028
168|2021-05-13|17:48:04|KS1510-08-20210513_174804-R_Astrodon_2018_calib.fits|KS1510-08|15 12 50.50|-09 06 00.0|228.2104|-9.1000|1011.2450|987.8290|R_Astrodon_2018|2459348.2417129627|180.0|21.2741|1.9405|45.2533|1.4163
169|2021-05-13|16:58:10|Mkn421-20210513_165805-R_Astrodon_2018_calib.fits|Mkn421|11 04 27.30|+38 12 32.0|166.1137|38.2089|995.5072|996.6127|R_Astrodon_2018|2459348.2070601853|180.0|20.6879|2.9054|21.0645|2.8157
170|2021-05-13|17:01:27|Mkn421-20210513_170127-R_Astrodon_2018_calib.fits|Mkn421|11 04 27.30|+38 12 32.0|166.1137|38.2089|995.8880|997.2371|R_Astrodon_2018|2459348.2093402776|180.0|21.1296|3.0260|20.4373|2.8989
171|2021-05-13|18:00:19|Mkn501-20210513_180019-R_Astrodon_2018_calib.fits|Mkn501|16 53 52.20|+39 45 37.0|253.4675|39.7603|1021.8857|1028.1088|R_Astrodon_2018|2459348.2502199076|180.0|21.5296|1.8688|71.9483|1.0528
172|2021-05-13|18:03:41|Mkn501-20210513_180341-R_Astrodon_2018_calib.fits|Mkn501|16 53 52.20|+39 45 37.0|253.4675|39.7603|1021.4211|1027.3017|R_Astrodon_2018|2459348.2525578705|180.0|21.5216|1.9292|71.6301|1.0549
173|2021-05-13|17:21:07|ON231-20210513_172102-R_Astrodon_2018_calib.fits|ON231|12 21 31.70|+28 13 59.0|185.3821|28.2331|1028.1392|1023.1473|R_Astrodon_2018|2459348.222997685|180.0|21.2715|2.6046|29.8819|2.0303
174|2021-05-13|17:24:25|ON231-20210513_172424-R_Astrodon_2018_calib.fits|ON231|12 21 31.70|+28 13 59.0|185.3821|28.2331|1028.5262|1023.6522|R_Astrodon_2018|2459348.225289352|180.0|21.1049|2.6069|29.1701|2.0756
175|2021-05-14|16:31:42|3C273-20210514_163137-R_Astrodon_2018_calib.fits|3C273|12 29 06.70|+02 03 09.0|187.2779|2.0525|1021.5309|1018.2509|R_Astrodon_2018|2459349.1886805557|180.0|21.2925|2.1350|33.4367|1.8355
176|2021-05-14|16:35:00|3C273-20210514_163500-R_Astrodon_2018_calib.fits|3C273|12 29 06.70|+02 03 09.0|187.2779|2.0525|1021.8225|1018.2451|R_Astrodon_2018|2459349.190972222|180.0|21.2890|2.0192|32.6993|1.8726
177|2021-05-14|16:16:19|3C279-20210514_161613-R_Astrodon_2018_calib.fits|3C279|12 56 11.10|-05 47 22.0|194.0462|-5.7894|1030.5444|1024.8583|R_Astrodon_2018|2459349.177997685|180.0|21.4287|2.1396|38.4202|1.6237
178|2021-05-14|16:19:37|3C279-20210514_161936-R_Astrodon_2018_calib.fits|3C279|12 56 11.10|-05 47 22.0|194.0462|-5.7894|1030.7472|1024.3049|R_Astrodon_2018|2459349.180289352|180.0|21.4230|2.0703|37.7545|1.6482
179|2021-05-14|17:31:57|3C345-20210514_173156-R_Astrodon_2018_calib.fits|3C345|16 42 58.80|+39 48 37.0|250.7450|39.8103|1020.0764|1016.4572|R_Astrodon_2018|2459349.2305208333|180.0|21.0802|2.9621|72.9401|1.0466
180|2021-05-14|17:35:14|3C345-20210514_173514-R_Astrodon_2018_calib.fits|3C345|16 42 58.80|+39 48 37.0|250.7450|39.8103|1020.1138|1015.3971|R_Astrodon_2018|2459349.232800926|180.0|21.0823|2.9767|72.7277|1.0479
181|2021-05-14|17:48:40|3C371-20210514_174835-R_Astrodon_2018_calib.fits|3C371|18 06 50.70|+69 49 28.0|271.7112|69.8244|1056.8875|1039.3581|R_Astrodon_2018|2459349.2421296295|180.0|21.5526|2.3613|43.1874|1.4580
182|2021-05-14|17:51:58|3C371-20210514_175157-R_Astrodon_2018_calib.fits|3C371|18 06 50.70|+69 49 28.0|271.7112|69.8244|1057.1699|1039.7608|R_Astrodon_2018|2459349.2444212963|180.0|21.5497|2.1979|43.2532|1.4564
183|2021-05-14|16:08:33|4C29-45-20210514_160828-R_Astrodon_2018_calib.fits|4C29-45|11 59 31.80|+29 14 44.0|179.8825|29.2456|1014.2597|1023.8412|R_Astrodon_2018|2459349.1726041664|180.0|21.5058|2.1299|40.1651|1.5630
184|2021-05-14|16:11:51|4C29-45-20210514_161150-R_Astrodon_2018_calib.fits|4C29-45|11 59 31.80|+29 14 44.0|179.8825|29.2456|1014.3762|1024.1695|R_Astrodon_2018|2459349.1748958332|180.0|21.5160|2.0635|39.4492|1.5868
185|2021-05-14|17:06:24|4C38-41-20210514_170619-R_Astrodon_2018_calib.fits|4C38-41|16 35 15.50|+38 08 04.0|248.8146|38.1344|1028.8291|1062.7390|R_Astrodon_2018|2459349.2127777776|180.0|21.3632|2.7557|75.2908|1.0338
186|2021-05-14|17:09:42|4C38-41-20210514_170942-R_Astrodon_2018_calib.fits|4C38-41|16 35 15.50|+38 08 04.0|248.8146|38.1344|1028.1598|1061.7638|R_Astrodon_2018|2459349.2150694444|180.0|21.3627|2.7751|75.2198|1.0343
187|2021-05-14|17:41:05|4C51-37-20210514_174100-R_Astrodon_2018_calib.fits|4C51-37|17 40 37.00|+52 11 43.0|265.1542|52.1953|1166.7418|1165.7212|R_Astrodon_2018|2459349.236863426|180.0|21.6759|2.6559|60.8681|1.1438
188|2021-05-14|17:44:23|4C51-37-20210514_174423-R_Astrodon_2018_calib.fits|4C51-37|17 40 37.00|+52 11 43.0|265.1542|52.1953|1167.1984|1166.8260|R_Astrodon_2018|2459349.2391550927|180.0|21.6744|2.4772|60.9667|1.1428
189|2021-05-14|12:57:31|4C71-07-20210514_125726-R_Astrodon_2018_calib.fits|4C71-07|08 41 24.30|+70 53 42.0|130.3512|70.8950|1060.7130|1022.8548|R_Astrodon_2018|2459349.0399421295|180.0|21.6328|3.0728|32.5539|1.8567
190|2021-05-14|13:00:50|4C71-07-20210514_130049-R_Astrodon_2018_calib.fits|4C71-07|08 41 24.30|+70 53 42.0|130.3512|70.8950|1059.1504|1023.1796|R_Astrodon_2018|2459349.0422453703|180.0|21.6567|2.6814|32.3036|1.8695
191|2021-05-14|17:56:49|BL-Lacertae-20210514_175644-R_Astrodon_2018_calib.fits|BL-Lacertae|22 02 43.30|+42 16 40.0|330.6804|42.2778|932.1625|916.8293|R_Astrodon_2018|2459349.2477893517|180.0|21.5549|2.7284|31.5462|1.8855
192|2021-05-14|18:00:08|BL-Lacertae-20210514_180007-R_Astrodon_2018_calib.fits|BL-Lacertae|22 02 43.30|+42 16 40.0|330.6804|42.2778|931.7878|915.6310|R_Astrodon_2018|2459349.2500925926|180.0|21.5546|2.8675|32.1599|1.8542
193|2021-05-14|16:44:56|DA406-20210514_164451-R_Astrodon_2018_calib.fits|DA406|16 13 41.00|+34 12 48.0|243.4208|34.2133|1040.4318|1097.9766|R_Astrodon_2018|2459349.1978703705|180.0|21.5022|2.8551|79.1923|1.0180
194|2021-05-14|16:48:14|DA406-20210514_164814-R_Astrodon_2018_calib.fits|DA406|16 13 41.00|+34 12 48.0|243.4208|34.2133|1039.5568|1097.2520|R_Astrodon_2018|2459349.200162037|180.0|21.4766|2.9190|79.0907|1.0185
195|2021-05-14|16:53:00|KS1510-08-20210514_165255-R_Astrodon_2018_calib.fits|KS1510-08|15 12 50.50|-09 06 00.0|228.2104|-9.1000|1018.9218|977.8623|R_Astrodon_2018|2459349.203472222|180.0|21.3447|2.6647|52.7128|1.2614
196|2021-05-14|16:56:18|KS1510-08-20210514_165617-R_Astrodon_2018_calib.fits|KS1510-08|15 12 50.50|-09 06 00.0|228.2104|-9.1000|1019.6583|976.2347|R_Astrodon_2018|2459349.205763889|180.0|21.3625|2.3741|52.3124|1.2683
197|2021-05-14|16:01:00|Mkn421-20210514_160055-R_Astrodon_2018_calib.fits|Mkn421|11 04 27.30|+38 12 32.0|166.1137|38.2089|998.9912|1005.8215|R_Astrodon_2018|2459349.167361111|180.0|21.4457|2.2593|31.3771|1.9378
198|2021-05-14|16:04:19|Mkn421-20210514_160419-R_Astrodon_2018_calib.fits|Mkn421|11 04 27.30|+38 12 32.0|166.1137|38.2089|999.6334|1005.5756|R_Astrodon_2018|2459349.1696643517|180.0|21.4351|2.4867|30.7283|1.9747
199|2021-05-14|17:24:56|Mkn501-20210514_172451-R_Astrodon_2018_calib.fits|Mkn501|16 53 52.20|+39 45 37.0|253.4675|39.7603|1020.7399|1023.5113|R_Astrodon_2018|2459349.225648148|180.0|21.5462|2.8045|73.6705|1.0420
200|2021-05-14|17:28:15|Mkn501-20210514_172815-R_Astrodon_2018_calib.fits|Mkn501|16 53 52.20|+39 45 37.0|253.4675|39.7603|1020.0066|1022.1513|R_Astrodon_2018|2459349.227951389|180.0|21.5453|2.7505|73.6076|1.0424
201|2021-05-14|12:27:42|OJ248-20210514_122736-R_Astrodon_2018_calib.fits|OJ248|08 30 52.10|+24 11 00.0|127.7171|24.1833|1019.8399|1026.5946|R_Astrodon_2018|2459349.019236111|180.0|21.1543|2.9427|42.2159|1.4991
202|2021-05-14|12:31:00|OJ248-20210514_123059-R_Astrodon_2018_calib.fits|OJ248|08 30 52.10|+24 11 00.0|127.7171|24.1833|1020.3443|1026.7142|R_Astrodon_2018|2459349.021527778|180.0|21.1475|3.5175|41.4741|1.5210
203|2021-05-14|12:34:33|OJ287-20210514_123433-R_Astrodon_2018_calib.fits|OJ287|08 54 48.90|+20 06 31.0|133.7037|20.1086|1021.6862|1027.6165|R_Astrodon_2018|2459349.0239930553|180.0|21.6846|3.0807|45.2435|1.4181
204|2021-05-14|12:37:50|OJ287-20210514_123750-R_Astrodon_2018_calib.fits|OJ287|08 54 48.90|+20 06 31.0|133.7037|20.1086|1021.7298|1027.9864|R_Astrodon_2018|2459349.026273148|180.0|21.6902|3.0995|44.4921|1.4372
205|2021-05-14|12:42:06|OJ49-20210514_124201-R_Astrodon_2018_calib.fits|OJ49|08 31 48.90|+04 29 39.0|127.9537|4.4942|1026.4578|1021.8860|R_Astrodon_2018|2459349.0292361113|180.0|21.1578|2.8124|32.9248|1.8602
206|2021-05-14|12:45:24|OJ49-20210514_124523-R_Astrodon_2018_calib.fits|OJ49|08 31 48.90|+04 29 39.0|127.9537|4.4942|1026.6446|1022.3410|R_Astrodon_2018|2459349.0315277777|180.0|21.1589|2.6904|32.1778|1.8987
207|2021-05-14|16:24:03|ON231-20210514_162358-R_Astrodon_2018_calib.fits|ON231|12 21 31.70|+28 13 59.0|185.3821|28.2331|1020.5825|1022.8076|R_Astrodon_2018|2459349.1833680556|180.0|21.4018|2.3364|41.4406|1.5231
208|2021-05-14|16:27:22|ON231-20210514_162721-R_Astrodon_2018_calib.fits|ON231|12 21 31.70|+28 13 59.0|185.3821|28.2331|1020.4115|1022.7955|R_Astrodon_2018|2459349.1856712964|180.0|21.3971|2.3473|40.7145|1.5455
209|2021-05-14|12:20:10|PKS0735+17-20210514_122005-R_Astrodon_2018_calib.fits|PKS0735+17|07 38 07.40|+17 42 19.0|114.5308|17.7053|1018.8611|1023.9718|R_Astrodon_2018|2459349.0140046296|180.0|21.4208|3.0247|30.4123|1.9968
210|2021-05-14|12:23:28|PKS0735+17-20210514_122328-R_Astrodon_2018_calib.fits|PKS0735+17|07 38 07.40|+17 42 19.0|114.5308|17.7053|1019.6330|1025.0150|R_Astrodon_2018|2459349.0162962964|180.0|21.5314|3.0404|29.6601|2.0430
211|2021-05-14|15:53:21|S4_0954+65-20210514_155316-R_Astrodon_2018_calib.fits|S4_0954+65|09 58 47.20|+65 33 55.0|149.6967|65.5653|877.4203|1066.0294|R_Astrodon_2018|2459349.1620486113|180.0|21.0887|2.3928|24.4911|2.4155
212|2021-05-14|15:56:39|S4_0954+65-20210514_155639-R_Astrodon_2018_calib.fits|S4_0954+65|09 58 47.20|+65 33 55.0|149.6967|65.5653|878.2310|1065.7777|R_Astrodon_2018|2459349.1643402777|180.0|21.0568|2.5237|24.1496|2.4474
213|2021-05-14|12:50:03|S5_0716+71-20210514_124958-R_Astrodon_2018_calib.fits|S5_0716+71|07 21 53.40|+71 20 36.0|110.4725|71.3433|1060.0063|1027.0531|R_Astrodon_2018|2459349.0347569445|180.0|21.5586|3.0404|26.826|2.2125
214|2021-05-14|12:53:21|S5_0716+71-20210514_125321-R_Astrodon_2018_calib.fits|S5_0716+71|07 21 53.40|+71 20 36.0|110.4725|71.3433|1059.8058|1027.1642|R_Astrodon_2018|2459349.0370486113|180.0|21.5328|3.3128|26.5626|2.2326
215|2021-05-15|15:30:10|3C273-20210515_153005-R_Astrodon_2018_calib.fits|3C273|12 29 06.70|+02 03 09.0|187.2779|2.0525|1020.6759|1016.7969|R_Astrodon_2018|2459350.145949074|180.0|21.3368|2.4520|46.002|1.4006
216|2021-05-15|15:33:28|3C273-20210515_153327-R_Astrodon_2018_calib.fits|3C273|12 29 06.70|+02 03 09.0|187.2779|2.0525|1020.6770|1016.3816|R_Astrodon_2018|2459350.148240741|180.0|21.3334|2.4661|45.3027|1.4175
217|2021-05-15|15:14:45|3C279-20210515_151440-R_Astrodon_2018_calib.fits|3C279|12 56 11.10|-05 47 22.0|194.0462|-5.7894|1031.8249|1033.5898|R_Astrodon_2018|2459350.1352430554|180.0|21.4798|2.5943|49.2299|1.3281
218|2021-05-15|15:18:04|3C279-20210515_151803-R_Astrodon_2018_calib.fits|3C279|12 56 11.10|-05 47 22.0|194.0462|-5.7894|1032.1851|1032.7481|R_Astrodon_2018|2459350.137546296|180.0|21.4829|2.6380|48.661|1.3397
219|2021-05-15|16:11:16|3C345-20210515_161115-R_Astrodon_2018_calib.fits|3C345|16 42 58.80|+39 48 37.0|250.7450|39.8103|1023.7208|1028.6185|R_Astrodon_2018|2459350.1744907405|180.0|21.1143|2.6899|70.1005|1.0613
220|2021-05-15|16:14:39|3C345-20210515_161439-R_Astrodon_2018_calib.fits|3C345|16 42 58.80|+39 48 37.0|250.7450|39.8103|1023.4051|1030.0252|R_Astrodon_2018|2459350.176840278|180.0|21.1111|2.6546|70.5|1.0588
221|2021-05-15|16:26:34|3C371-20210515_162629-R_Astrodon_2018_calib.fits|3C371|18 06 50.70|+69 49 28.0|271.7112|69.8244|1035.3274|1029.5208|R_Astrodon_2018|2459350.1851157406|180.0|21.5550|3.4128|40.255|1.5402
222|2021-05-15|16:29:52|3C371-20210515_162952-R_Astrodon_2018_calib.fits|3C371|18 06 50.70|+69 49 28.0|271.7112|69.8244|1036.8400|1029.6845|R_Astrodon_2018|2459350.1874074074|180.0|21.5382|3.4849|40.4275|1.5349
223|2021-05-15|15:06:55|4C29-45-20210515_150650-R_Astrodon_2018_calib.fits|4C29-45|11 59 31.80|+29 14 44.0|179.8825|29.2456|1021.4151|1032.6071|R_Astrodon_2018|2459350.1298032408|180.0|21.5650|2.4386|52.7468|1.2632
224|2021-05-15|15:10:14|4C29-45-20210515_151013-R_Astrodon_2018_calib.fits|4C29-45|11 59 31.80|+29 14 44.0|179.8825|29.2456|1021.1114|1032.2872|R_Astrodon_2018|2459350.1321064816|180.0|21.5500|2.2894|52.0215|1.2756
225|2021-05-15|15:57:18|4C38-41-20210515_155713-R_Astrodon_2018_calib.fits|4C38-41|16 35 15.50|+38 08 04.0|248.8146|38.1344|1160.9712|1155.6581|R_Astrodon_2018|2459350.1647916664|180.0|21.4297|2.7363|70.5246|1.0583
226|2021-05-15|16:00:36|4C38-41-20210515_160036-R_Astrodon_2018_calib.fits|4C38-41|16 35 15.50|+38 08 04.0|248.8146|38.1344|1160.5305|1157.2299|R_Astrodon_2018|2459350.1670833332|180.0|21.4051|2.6076|70.9811|1.0555
227|2021-05-15|16:18:59|4C51-37-20210515_161854-R_Astrodon_2018_calib.fits|4C51-37|17 40 37.00|+52 11 43.0|265.1542|52.1953|1032.9178|1021.3500|R_Astrodon_2018|2459350.179849537|180.0|21.6853|2.9093|55.1214|1.2142
228|2021-05-15|16:22:17|4C51-37-20210515_162216-R_Astrodon_2018_calib.fits|4C51-37|17 40 37.00|+52 11 43.0|265.1542|52.1953|1033.3651|1021.7768|R_Astrodon_2018|2459350.182141204|180.0|21.6877|2.9330|55.4732|1.2092
229|2021-05-15|14:44:37|4C71-07-20210515_144432-R_Astrodon_2018_calib.fits|4C71-07|08 41 24.30|+70 53 42.0|130.3512|70.8950|1054.1402|1020.0029|R_Astrodon_2018|2459350.11431713|180.0|21.6001|3.6080|23.6588|2.4889
230|2021-05-15|14:47:56|4C71-07-20210515_144756-R_Astrodon_2018_calib.fits|4C71-07|08 41 24.30|+70 53 42.0|130.3512|70.8950|1055.0068|1020.4636|R_Astrodon_2018|2459350.11662037|180.0|21.5987|3.5806|23.3874|2.5160
231|2021-05-15|15:39:06|DA406-20210515_153900-R_Astrodon_2018_calib.fits|DA406|16 13 41.00|+34 12 48.0|243.4208|34.2133|1173.8187|1115.6573|R_Astrodon_2018|2459350.1521527776|180.0|21.5534|2.7730|73.6058|1.0402
232|2021-05-15|15:42:24|DA406-20210515_154223-R_Astrodon_2018_calib.fits|DA406|16 13 41.00|+34 12 48.0|243.4208|34.2133|1173.3700|1117.1089|R_Astrodon_2018|2459350.1544444445|180.0|21.5482|2.5881|74.1436|1.0375
233|2021-05-15|15:48:14|KS1510-08-20210515_154809-R_Astrodon_2018_calib.fits|KS1510-08|15 12 50.50|-09 06 00.0|228.2104|-9.1000|886.6330|1181.4256|R_Astrodon_2018|2459350.1584953703|180.0|21.3559|3.1998|57.2703|1.1896
234|2021-05-15|15:51:32|KS1510-08-20210515_155131-R_Astrodon_2018_calib.fits|KS1510-08|15 12 50.50|-09 06 00.0|228.2104|-9.1000|887.9192|1179.8894|R_Astrodon_2018|2459350.160787037|180.0|21.3797|2.9430|57.1803|1.1909
235|2021-05-15|14:59:22|Mkn421-20210515_145917-R_Astrodon_2018_calib.fits|Mkn421|11 04 27.30|+38 12 32.0|166.1137|38.2089|1011.9539|1025.1293|R_Astrodon_2018|2459350.1245601852|180.0|21.5112|3.4426|42.7232|1.4829
236|2021-05-15|15:02:40|Mkn421-20210515_150240-R_Astrodon_2018_calib.fits|Mkn421|11 04 27.30|+38 12 32.0|166.1137|38.2089|1011.8944|1025.1081|R_Astrodon_2018|2459350.126851852|180.0|21.5049|3.2099|42.0735|1.5016
237|2021-05-15|16:04:21|Mkn501-20210515_160421-R_Astrodon_2018_calib.fits|Mkn501|16 53 52.20|+39 45 37.0|253.4675|39.7603|1025.2556|1022.2301|R_Astrodon_2018|2459350.1696875|180.0|21.5747|2.7246|67.7757|1.0773
238|2021-05-15|16:07:38|Mkn501-20210515_160738-R_Astrodon_2018_calib.fits|Mkn501|16 53 52.20|+39 45 37.0|253.4675|39.7603|1024.9527|1023.1874|R_Astrodon_2018|2459350.1719675926|180.0|21.5745|2.7844|68.2415|1.0739
239|2021-05-15|14:29:19|OJ287-20210515_142914-R_Astrodon_2018_calib.fits|OJ287|08 54 48.90|+20 06 31.0|133.7037|20.1086|857.2190|1072.3997|R_Astrodon_2018|2459350.1036921297|180.0|21.5148|4.0627|18.3864|3.2161
240|2021-05-15|14:32:37|OJ287-20210515_143236-R_Astrodon_2018_calib.fits|OJ287|08 54 48.90|+20 06 31.0|133.7037|20.1086|858.3899|1074.3436|R_Astrodon_2018|2459350.105983796|180.0|21.4924|4.0476|17.6522|3.3452
241|2021-05-15|15:22:31|ON231-20210515_152225-R_Astrodon_2018_calib.fits|ON231|12 21 31.70|+28 13 59.0|185.3821|28.2331|1015.7516|1018.4592|R_Astrodon_2018|2459350.140636574|180.0|21.4556|2.7840|54.1161|1.2408
242|2021-05-15|15:25:48|ON231-20210515_152548-R_Astrodon_2018_calib.fits|ON231|12 21 31.70|+28 13 59.0|185.3821|28.2331|1015.2368|1018.2638|R_Astrodon_2018|2459350.142916667|180.0|21.4750|2.6478|53.3913|1.2525
243|2021-05-15|14:51:40|S4_0954+65-20210515_145140-R_Astrodon_2018_calib.fits|S4_0954+65|09 58 47.20|+65 33 55.0|149.6967|65.5653|1036.5229|1016.8957|R_Astrodon_2018|2459350.119212963|180.0|21.0984|3.3269|30.4553|1.9756
244|2021-05-15|14:54:57|S4_0954+65-20210515_145457-R_Astrodon_2018_calib.fits|S4_0954+65|09 58 47.20|+65 33 55.0|149.6967|65.5653|1036.2381|1017.2241|R_Astrodon_2018|2459350.1214930555|180.0|21.1223|3.2884|30.1199|1.9956
245|2021-05-15|14:37:08|S5_0716+71-20210515_143703-R_Astrodon_2018_calib.fits|S5_0716+71|07 21 53.40|+71 20 36.0|110.4725|71.3433|1075.9387|1031.2604|R_Astrodon_2018|2459350.1091203704|180.0|21.5668|3.9806|18.069|3.2091
246|2021-05-15|14:40:26|S5_0716+71-20210515_144026-R_Astrodon_2018_calib.fits|S5_0716+71|07 21 53.40|+71 20 36.0|110.4725|71.3433|1077.1620|1032.5593|R_Astrodon_2018|2459350.111412037|180.0|21.5635|3.9872|17.8211|3.2516
247|2021-05-16|16:34:04|3C273-20210516_163359-R_Astrodon_2018_calib.fits|3C273|12 29 06.70|+02 03 09.0|187.2779|2.0525|1020.8196|1023.5725|R_Astrodon_2018|2459351.190324074|180.0|21.2602|3.0404|31.1464|1.9570
248|2021-05-16|16:37:22|3C273-20210516_163721-R_Astrodon_2018_calib.fits|3C273|12 29 06.70|+02 03 09.0|187.2779|2.0525|1021.2181|1023.6808|R_Astrodon_2018|2459351.192615741|180.0|21.1969|2.9486|30.405|2.0003
249|2021-05-16|16:18:41|3C279-20210516_161836-R_Astrodon_2018_calib.fits|3C279|12 56 11.10|-05 47 22.0|194.0462|-5.7894|1024.8838|1027.8485|R_Astrodon_2018|2459351.1796412035|180.0|21.3776|2.7084|36.3442|1.7038
250|2021-05-16|16:21:59|3C279-20210516_162159-R_Astrodon_2018_calib.fits|3C279|12 56 11.10|-05 47 22.0|194.0462|-5.7894|1025.2640|1027.6238|R_Astrodon_2018|2459351.1819328703|180.0|21.3908|2.6921|35.6671|1.7320
251|2021-05-16|19:14:39|3C345-20210516_191439-R_Astrodon_2018_calib.fits|3C345|16 42 58.80|+39 48 37.0|250.7450|39.8103|1017.8249|1024.0286|R_Astrodon_2018|2459351.301840278|180.0|20.9546|1.9662|57.4016|1.1921
252|2021-05-16|19:17:56|3C345-20210516_191756-R_Astrodon_2018_calib.fits|3C345|16 42 58.80|+39 48 37.0|250.7450|39.8103|1017.4244|1023.4721|R_Astrodon_2018|2459351.30412037|180.0|20.9329|1.9280|56.8056|1.2003
253|2021-05-16|19:29:59|3C371-20210516_192954-R_Astrodon_2018_calib.fits|3C371|18 06 50.70|+69 49 28.0|271.7112|69.8244|1051.2771|1035.1753|R_Astrodon_2018|2459351.312488426|180.0|21.5591|2.6385|42.6347|1.4774
254|2021-05-16|19:33:18|3C371-20210516_193317-R_Astrodon_2018_calib.fits|3C371|18 06 50.70|+69 49 28.0|271.7112|69.8244|1049.5878|1034.4430|R_Astrodon_2018|2459351.314791667|180.0|21.5567|2.6482|42.5314|1.4804
255|2021-05-16|16:10:56|4C29-45-20210516_161051-R_Astrodon_2018_calib.fits|4C29-45|11 59 31.80|+29 14 44.0|179.8825|29.2456|1011.3268|1025.7356|R_Astrodon_2018|2459351.1742592594|180.0|21.5170|2.5015|37.9439|1.6405
256|2021-05-16|16:14:14|4C29-45-20210516_161413-R_Astrodon_2018_calib.fits|4C29-45|11 59 31.80|+29 14 44.0|179.8825|29.2456|1011.7716|1026.0282|R_Astrodon_2018|2459351.1765509257|180.0|21.3693|2.6058|37.2297|1.6674
257|2021-05-16|19:00:58|4C38-41-20210516_190053-R_Astrodon_2018_calib.fits|4C38-41|16 35 15.50|+38 08 04.0|248.8146|38.1344|1029.0836|1054.8520|R_Astrodon_2018|2459351.292337963|180.0|21.3828|2.4873|59.0594|1.1706
258|2021-05-16|19:04:15|4C38-41-20210516_190415-R_Astrodon_2018_calib.fits|4C38-41|16 35 15.50|+38 08 04.0|248.8146|38.1344|1027.5448|1054.6907|R_Astrodon_2018|2459351.2946180557|180.0|21.3884|2.0448|58.4455|1.1784
259|2021-05-16|19:22:24|4C51-37-20210516_192219-R_Astrodon_2018_calib.fits|4C51-37|17 40 37.00|+52 11 43.0|265.1542|52.1953|1035.2587|1040.6126|R_Astrodon_2018|2459351.3072222224|180.0|21.5786|2.4240|57.0783|1.1940
260|2021-05-16|19:25:42|4C51-37-20210516_192541-R_Astrodon_2018_calib.fits|4C51-37|17 40 37.00|+52 11 43.0|265.1542|52.1953|1033.9011|1040.5724|R_Astrodon_2018|2459351.309513889|180.0|21.6369|2.3149|56.7665|1.1983
261|2021-05-16|15:48:44|4C71-07-20210516_154839-R_Astrodon_2018_calib.fits|4C71-07|08 41 24.30|+70 53 42.0|130.3512|70.8950|1068.7307|1037.1124|R_Astrodon_2018|2459351.1588425925|180.0|20.9669|3.8090|18.2054|3.1915
262|2021-05-16|15:52:03|4C71-07-20210516_155203-R_Astrodon_2018_calib.fits|4C71-07|08 41 24.30|+70 53 42.0|130.3512|70.8950|1070.0103|1038.3058|R_Astrodon_2018|2459351.1611458333|180.0|21.3550|3.8931|17.9493|3.2348
263|2021-05-16|16:42:29|DA406-20210516_164224-R_Astrodon_2018_calib.fits|DA406|16 13 41.00|+34 12 48.0|243.4208|34.2133|1041.3139|1096.8888|R_Astrodon_2018|2459351.1961689815|180.0|21.4702|2.0235|79.0012|1.0189
264|2021-05-16|16:45:48|DA406-20210516_164548-R_Astrodon_2018_calib.fits|DA406|16 13 41.00|+34 12 48.0|243.4208|34.2133|1040.7021|1096.5472|R_Astrodon_2018|2459351.1984722223|180.0|21.4834|1.9910|78.8235|1.0196
265|2021-05-16|18:53:07|KS1510-08-20210516_185302-R_Astrodon_2018_calib.fits|KS1510-08|15 12 50.50|-09 06 00.0|228.2104|-9.1000|1016.5297|1021.8593|R_Astrodon_2018|2459351.2868865742|180.0|21.2836|2.8607|30.7512|1.9763
266|2021-05-16|18:56:24|KS1510-08-20210516_185624-R_Astrodon_2018_calib.fits|KS1510-08|15 12 50.50|-09 06 00.0|228.2104|-9.1000|1016.1953|1022.0022|R_Astrodon_2018|2459351.2891666666|180.0|21.2509|2.8766|30.0788|2.0167
267|2021-05-16|16:03:25|Mkn421-20210516_160319-R_Astrodon_2018_calib.fits|Mkn421|11 04 27.30|+38 12 32.0|166.1137|38.2089|1009.8640|1018.7279|R_Astrodon_2018|2459351.169039352|180.0|21.3547|3.3508|29.3683|2.0582
268|2021-05-16|16:06:44|Mkn421-20210516_160644-R_Astrodon_2018_calib.fits|Mkn421|11 04 27.30|+38 12 32.0|166.1137|38.2089|1011.1256|1019.4008|R_Astrodon_2018|2459351.1713425927|180.0|21.3213|3.2994|28.7217|2.1007
269|2021-05-16|19:07:49|Mkn501-20210516_190749-R_Astrodon_2018_calib.fits|Mkn501|16 53 52.20|+39 45 37.0|253.4675|39.7603|1021.8570|1027.3019|R_Astrodon_2018|2459351.2970949076|180.0|21.5448|2.0048|60.5722|1.1524
270|2021-05-16|19:11:06|Mkn501-20210516_191106-R_Astrodon_2018_calib.fits|Mkn501|16 53 52.20|+39 45 37.0|253.4675|39.7603|1021.0349|1026.9649|R_Astrodon_2018|2459351.299375|180.0|21.5370|2.0294|59.9958|1.1592
271|2021-05-16|12:07:35|OJ248-20210516_120730-R_Astrodon_2018_calib.fits|OJ248|08 30 52.10|+24 11 00.0|127.7171|24.1833|1022.2073|1021.5592|R_Astrodon_2018|2459351.0052662035|180.0|21.1449|3.2706|44.9746|1.4245
272|2021-05-16|12:10:54|OJ248-20210516_121054-R_Astrodon_2018_calib.fits|OJ248|08 30 52.10|+24 11 00.0|127.7171|24.1833|1022.2355|1021.7489|R_Astrodon_2018|2459351.0075694444|180.0|20.8818|3.5239|44.2272|1.4435
273|2021-05-16|12:14:28|OJ287-20210516_121428-R_Astrodon_2018_calib.fits|OJ287|08 54 48.90|+20 06 31.0|133.7037|20.1086|1021.7335|1025.5813|R_Astrodon_2018|2459351.0100462963|180.0|21.4498|3.3908|48.0429|1.3534
274|2021-05-16|12:17:46|OJ287-20210516_121745-R_Astrodon_2018_calib.fits|OJ287|08 54 48.90|+20 06 31.0|133.7037|20.1086|1021.6623|1025.8054|R_Astrodon_2018|2459351.012337963|180.0|21.4752|3.1450|47.2865|1.3699
275|2021-05-16|16:26:25|ON231-20210516_162620-R_Astrodon_2018_calib.fits|ON231|12 21 31.70|+28 13 59.0|185.3821|28.2331|1023.5498|1022.8435|R_Astrodon_2018|2459351.185011574|180.0|21.2351|2.8123|39.2025|1.5958
276|2021-05-16|16:29:43|ON231-20210516_162943-R_Astrodon_2018_calib.fits|ON231|12 21 31.70|+28 13 59.0|185.3821|28.2331|1023.2873|1023.0705|R_Astrodon_2018|2459351.187303241|180.0|21.3853|2.9233|38.4817|1.6211
277|2021-05-16|12:00:03|PKS0735+17-20210516_115958-R_Astrodon_2018_calib.fits|PKS0735+17|07 38 07.40|+17 42 19.0|114.5308|17.7053|1013.9560|996.3333|R_Astrodon_2018|2459351.000034722|180.0|21.4274|4.0683|33.2092|1.8443
278|2021-05-16|12:03:22|PKS0735+17-20210516_120321-R_Astrodon_2018_calib.fits|PKS0735+17|07 38 07.40|+17 42 19.0|114.5308|17.7053|1014.1341|996.3779|R_Astrodon_2018|2459351.002337963|180.0|21.3617|4.1942|32.4515|1.8827
279|2021-05-16|15:55:47|S4_0954+65-20210516_155546-R_Astrodon_2018_calib.fits|S4_0954+65|09 58 47.20|+65 33 55.0|149.6967|65.5653|1040.2830|1022.2836|R_Astrodon_2018|2459351.163738426|180.0|20.9463|3.4672|23.4265|2.5195
280|2021-05-16|15:59:03|S4_0954+65-20210516_155903-R_Astrodon_2018_calib.fits|S4_0954+65|09 58 47.20|+65 33 55.0|149.6967|65.5653|1040.8897|1023.2556|R_Astrodon_2018|2459351.1660069446|180.0|21.0066|3.4578|23.0895|2.5544
281|2021-05-19|13:22:42|4C71-07-20210519_132236-R_Astrodon_2018_calib.fits|4C71-07|08 41 24.30|+70 53 42.0|130.3512|70.8950|1051.6710|1019.9274|R_Astrodon_2018|2459354.0574305556|180.0|19.6280|4.1562|29.0575|2.0572
282|2021-05-19|13:26:00|4C71-07-20210519_132600-R_Astrodon_2018_calib.fits|4C71-07|08 41 24.30|+70 53 42.0|130.3512|70.8950|1050.9179|1020.8831|R_Astrodon_2018|2459354.0597222224|180.0|19.6143|4.0916|28.7925|2.0744
283|2021-05-19|12:52:46|OJ248-20210519_125241-R_Astrodon_2018_calib.fits|OJ248|08 30 52.10|+24 11 00.0|127.7171|24.1833|1015.1475|1007.8405|R_Astrodon_2018|2459354.0366435186|180.0|20.9925|4.5014|32.2113|1.8946
284|2021-05-19|12:56:05|OJ248-20210519_125604-R_Astrodon_2018_calib.fits|OJ248|08 30 52.10|+24 11 00.0|127.7171|24.1833|1016.0084|1008.6815|R_Astrodon_2018|2459354.0389467594|180.0|20.8583|4.4273|31.474|1.9344
285|2021-05-19|12:59:40|OJ287-20210519_125940-R_Astrodon_2018_calib.fits|OJ287|08 54 48.90|+20 06 31.0|133.7037|20.1086|1020.0048|1023.4366|R_Astrodon_2018|2459354.0414351854|180.0|21.5007|3.8138|35.0286|1.7588
286|2021-05-19|13:02:58|OJ287-20210519_130258-R_Astrodon_2018_calib.fits|OJ287|08 54 48.90|+20 06 31.0|133.7037|20.1086|1020.3509|1023.9946|R_Astrodon_2018|2459354.0437268517|180.0|21.3629|3.9086|34.279|1.7928
287|2021-05-19|13:07:15|OJ49-20210519_130709-R_Astrodon_2018_calib.fits|OJ49|08 31 48.90|+04 29 39.0|127.9537|4.4942|1025.6464|1026.1929|R_Astrodon_2018|2459354.046701389|180.0|20.3940|4.6194|22.7165|2.6292
288|2021-05-19|13:10:33|OJ49-20210519_131032-R_Astrodon_2018_calib.fits|OJ49|08 31 48.90|+04 29 39.0|127.9537|4.4942|1026.3535|1027.6014|R_Astrodon_2018|2459354.0489930557|180.0|20.2141|4.3839|21.9604|2.7158
289|2021-05-19|12:45:10|PKS0735+17-20210519_124505-R_Astrodon_2018_calib.fits|PKS0735+17|07 38 07.40|+17 42 19.0|114.5308|17.7053|1020.4925|1072.6857|R_Astrodon_2018|2459354.0313657406|180.0|21.4379|4.3430|20.2793|2.9263
290|2021-05-19|12:48:32|PKS0735+17-20210519_124829-R_Astrodon_2018_calib.fits|PKS0735+17|07 38 07.40|+17 42 19.0|114.5308|17.7053|1021.4759|1073.3683|R_Astrodon_2018|2459354.033703704|180.0|21.4016|5.1744|19.5201|3.0352
291|2021-05-19|13:29:43|S4_0954+65-20210519_132943-R_Astrodon_2018_calib.fits|S4_0954+65|09 58 47.20|+65 33 55.0|149.6967|65.5653|1046.0177|1023.7667|R_Astrodon_2018|2459354.062303241|180.0|20.1063|3.7555|36.9498|1.6646
292|2021-05-19|13:33:00|S4_0954+65-20210519_133300-R_Astrodon_2018_calib.fits|S4_0954+65|09 58 47.20|+65 33 55.0|149.6967|65.5653|1044.7914|1024.1944|R_Astrodon_2018|2459354.064583333|180.0|19.8795|3.3339|36.6448|1.6766
293|2021-05-19|13:15:13|S5_0716+71-20210519_131507-R_Astrodon_2018_calib.fits|S5_0716+71|07 21 53.40|+71 20 36.0|110.4725|71.3433|1060.9179|1029.8623|R_Astrodon_2018|2459354.052233796|180.0|19.4818|4.7479|23.2366|2.5289
294|2021-05-19|13:18:31|S5_0716+71-20210519_131831-R_Astrodon_2018_calib.fits|S5_0716+71|07 21 53.40|+71 20 36.0|110.4725|71.3433|1061.9717|1030.0837|R_Astrodon_2018|2459354.054525463|180.0|18.7646|4.9302|22.9731|2.5560
295|2021-05-26|15:23:04|3C273-20210526_152259-R_Astrodon_2018_calib.fits|3C273|12 29 06.70|+02 03 09.0|187.2779|2.0525|1022.0845|1022.2441|R_Astrodon_2018|2459361.1410185187|180.0|21.2018|2.3472|38.1918|1.6331
296|2021-05-26|15:26:22|3C273-20210526_152622-R_Astrodon_2018_calib.fits|3C273|12 29 06.70|+02 03 09.0|187.2779|2.0525|1021.8132|1022.3090|R_Astrodon_2018|2459361.143310185|180.0|21.1785|2.2860|37.4651|1.6603
297|2021-05-26|15:07:10|3C279-20210526_150705-R_Astrodon_2018_calib.fits|3C279|12 56 11.10|-05 47 22.0|194.0462|-5.7894|1030.4411|1027.4289|R_Astrodon_2018|2459361.129976852|180.0|21.2357|2.5494|42.7418|1.4848
298|2021-05-26|15:10:28|3C279-20210526_151028-R_Astrodon_2018_calib.fits|3C279|12 56 11.10|-05 47 22.0|194.0462|-5.7894|1030.4910|1027.0346|R_Astrodon_2018|2459361.1322685187|180.0|21.2899|2.3764|42.1059|1.5031
299|2021-05-26|16:05:32|3C345-20210526_160531-R_Astrodon_2018_calib.fits|3C345|16 42 58.80|+39 48 37.0|250.7450|39.8103|1023.4262|1029.1971|R_Astrodon_2018|2459361.170509259|180.0|21.0069|2.1914|73.3056|1.0432
300|2021-05-26|16:08:50|3C345-20210526_160850-R_Astrodon_2018_calib.fits|3C345|16 42 58.80|+39 48 37.0|250.7450|39.8103|1022.5441|1030.8503|R_Astrodon_2018|2459361.172800926|180.0|20.9887|2.3645|73.4344|1.0426
301|2021-05-26|14:59:14|4C29-45-20210526_145909-R_Astrodon_2018_calib.fits|4C29-45|11 59 31.80|+29 14 44.0|179.8825|29.2456|1015.9683|1028.3211|R_Astrodon_2018|2459361.1244675927|180.0|21.4475|2.3535|44.9794|1.4246
302|2021-05-26|15:02:32|4C29-45-20210526_150232-R_Astrodon_2018_calib.fits|4C29-45|11 59 31.80|+29 14 44.0|179.8825|29.2456|1016.0471|1028.4663|R_Astrodon_2018|2459361.126759259|180.0|21.4364|2.2068|44.2605|1.4430
303|2021-05-26|15:51:06|4C38-41-20210526_155101-R_Astrodon_2018_calib.fits|4C38-41|16 35 15.50|+38 08 04.0|248.8146|38.1344|1157.5918|1150.4417|R_Astrodon_2018|2459361.160486111|180.0|21.2249|2.6482|74.5401|1.0366
304|2021-05-26|15:54:24|4C38-41-20210526_155424-R_Astrodon_2018_calib.fits|4C38-41|16 35 15.50|+38 08 04.0|248.8146|38.1344|1156.4576|1151.4557|R_Astrodon_2018|2459361.1627777778|180.0|21.2708|2.4294|74.7488|1.0357
305|2021-05-26|14:36:24|4C71-07-20210526_143618-R_Astrodon_2018_calib.fits|4C71-07|08 41 24.30|+70 53 42.0|130.3512|70.8950|1086.8146|1025.0737|R_Astrodon_2018|2459361.108611111|180.0|20.9703|3.6469|20.8129|2.8092
306|2021-05-26|14:39:42|4C71-07-20210526_143942-R_Astrodon_2018_calib.fits|4C71-07|08 41 24.30|+70 53 42.0|130.3512|70.8950|1087.9630|1025.5320|R_Astrodon_2018|2459361.110902778|180.0|20.9928|3.5396|20.5482|2.8435
307|2021-05-26|15:32:18|DA406-20210526_153213-R_Astrodon_2018_calib.fits|DA406|16 13 41.00|+34 12 48.0|243.4208|34.2133|1173.1454|1113.3757|R_Astrodon_2018|2459361.1474305554|180.0|21.4049|2.3794|78.3863|1.0201
308|2021-05-26|15:35:37|DA406-20210526_153536-R_Astrodon_2018_calib.fits|DA406|16 13 41.00|+34 12 48.0|243.4208|34.2133|1172.1637|1115.5396|R_Astrodon_2018|2459361.1497337963|180.0|21.4069|2.4265|78.642|1.0193
309|2021-05-26|15:41:35|KS1510-08-20210526_154130-R_Astrodon_2018_calib.fits|KS1510-08|15 12 50.50|-09 06 00.0|228.2104|-9.1000|890.2836|1176.4828|R_Astrodon_2018|2459361.1538773146|180.0|21.1541|2.3480|55.216|1.2201
310|2021-05-26|15:44:54|KS1510-08-20210526_154453-R_Astrodon_2018_calib.fits|KS1510-08|15 12 50.50|-09 06 00.0|228.2104|-9.1000|890.9306|1174.9148|R_Astrodon_2018|2459361.1561805555|180.0|21.1725|2.3558|54.9222|1.2246
311|2021-05-26|14:51:27|Mkn421-20210526_145122-R_Astrodon_2018_calib.fits|Mkn421|11 04 27.30|+38 12 32.0|166.1137|38.2089|1030.1523|1012.8811|R_Astrodon_2018|2459361.1190625|180.0|21.3085|2.9845|35.7663|1.7243
312|2021-05-26|14:54:46|Mkn421-20210526_145445-R_Astrodon_2018_calib.fits|Mkn421|11 04 27.30|+38 12 32.0|166.1137|38.2089|1030.5655|1012.9463|R_Astrodon_2018|2459361.121365741|180.0|21.2431|3.1000|35.1142|1.7521
313|2021-05-26|15:58:17|Mkn501-20210526_155817-R_Astrodon_2018_calib.fits|Mkn501|16 53 52.20|+39 45 37.0|253.4675|39.7603|1027.0906|1022.9139|R_Astrodon_2018|2459361.165474537|180.0|21.4522|2.4229|72.1674|1.0490
314|2021-05-26|16:01:36|Mkn501-20210526_160135-R_Astrodon_2018_calib.fits|Mkn501|16 53 52.20|+39 45 37.0|253.4675|39.7603|1026.3938|1023.8097|R_Astrodon_2018|2459361.1677777776|180.0|21.4543|2.5182|72.4413|1.0475
315|2021-05-26|15:15:14|ON231-20210526_151509-R_Astrodon_2018_calib.fits|ON231|12 21 31.70|+28 13 59.0|185.3821|28.2331|1018.2032|1021.1356|R_Astrodon_2018|2459361.1355787036|180.0|21.3240|2.3998|46.189|1.3954
316|2021-05-26|15:18:32|ON231-20210526_151832-R_Astrodon_2018_calib.fits|ON231|12 21 31.70|+28 13 59.0|185.3821|28.2331|1017.9977|1020.9321|R_Astrodon_2018|2459361.1378703704|180.0|21.3296|2.4572|45.4635|1.4128
317|2021-05-26|14:43:36|S4_0954+65-20210526_144336-R_Astrodon_2018_calib.fits|S4_0954+65|09 58 47.20|+65 33 55.0|149.6967|65.5653|1060.3033|1015.1825|R_Astrodon_2018|2459361.113611111|180.0|20.6392|3.2131|26.8305|2.2193
318|2021-05-26|14:46:53|S4_0954+65-20210526_144653-R_Astrodon_2018_calib.fits|S4_0954+65|09 58 47.20|+65 33 55.0|149.6967|65.5653|1060.7601|1015.4645|R_Astrodon_2018|2459361.1158912037|180.0|20.6752|3.1381|26.4901|2.2458
