ID|DateObs|TimeObs|Filename|Object|RA_hhmmss|DEC_ddmmss|RA_deg|DEC_deg|RA_pix|Dec_pix|FilterName|JD|ExpTime_sec|Zmag|FWHM|Altitude|Airmass
1|2021-06-02|14:52:15|3C273-20210602_145210-R_Astrodon_2018_calib.fits|3C273|12 29 06.70|+02 03 09.0|187.2779|2.0525|1021.4713|1018.9060|R_Astrodon_2018|2459368.1196180554|180.0|21.0238|2.8585|38.9153|1.6071
2|2021-06-02|14:55:33|3C273-20210602_145532-R_Astrodon_2018_calib.fits|3C273|12 29 06.70|+02 03 09.0|187.2779|2.0525|1021.4646|1018.8212|R_Astrodon_2018|2459368.121909722|180.0|20.8570|3.4590|38.1905|1.6331
3|2021-06-02|14:36:19|3C279-20210602_143613-R_Astrodon_2018_calib.fits|3C279|12 56 11.10|-05 47 22.0|194.0462|-5.7894|1029.8811|1027.7892|R_Astrodon_2018|2459368.1085532405|180.0|21.1601|3.0045|43.3776|1.4669
4|2021-06-02|14:39:37|3C279-20210602_143936-R_Astrodon_2018_calib.fits|3C279|12 56 11.10|-05 47 22.0|194.0462|-5.7894|1030.1617|1027.2989|R_Astrodon_2018|2459368.1108449074|180.0|21.1313|3.0329|42.747|1.4844
5|2021-06-02|15:34:34|3C345-20210602_153434-R_Astrodon_2018_calib.fits|3C345|16 42 58.80|+39 48 37.0|250.7450|39.8103|1023.7593|1029.7751|R_Astrodon_2018|2459368.14900463|180.0|20.9965|2.5951|73.1413|1.0440
6|2021-06-02|15:37:52|3C345-20210602_153751-R_Astrodon_2018_calib.fits|3C345|16 42 58.80|+39 48 37.0|250.7450|39.8103|1022.9120|1030.9632|R_Astrodon_2018|2459368.151296296|180.0|21.0212|2.4829|73.2993|1.0432
7|2021-06-02|15:50:26|3C371-20210602_155020-R_Astrodon_2018_calib.fits|3C371|18 06 50.70|+69 49 28.0|271.7112|69.8244|1043.1733|1033.3520|R_Astrodon_2018|2459368.160023148|180.0|21.3617|3.2270|41.864|1.4932
8|2021-06-02|15:53:44|3C371-20210602_155343-R_Astrodon_2018_calib.fits|3C371|18 06 50.70|+69 49 28.0|271.7112|69.8244|1044.0468|1033.5308|R_Astrodon_2018|2459368.162314815|180.0|21.2940|3.1927|41.9928|1.4896
9|2021-06-02|14:28:22|4C29-45-20210602_142817-R_Astrodon_2018_calib.fits|4C29-45|11 59 31.80|+29 14 44.0|179.8825|29.2456|1016.0491|1028.2177|R_Astrodon_2018|2459368.1030324074|180.0|21.4063|2.8498|45.7084|1.4066
10|2021-06-02|14:31:40|4C29-45-20210602_143139-R_Astrodon_2018_calib.fits|4C29-45|11 59 31.80|+29 14 44.0|179.8825|29.2456|1016.1707|1028.1923|R_Astrodon_2018|2459368.105324074|180.0|21.3543|2.9282|44.989|1.4243
11|2021-06-02|15:20:09|4C38-41-20210602_152004-R_Astrodon_2018_calib.fits|4C38-41|16 35 15.50|+38 08 04.0|248.8146|38.1344|1155.0447|1152.8681|R_Astrodon_2018|2459368.1389930556|180.0|21.3156|2.6298|74.2926|1.0377
12|2021-06-02|15:23:28|4C38-41-20210602_152327-R_Astrodon_2018_calib.fits|4C38-41|16 35 15.50|+38 08 04.0|248.8146|38.1344|1154.2436|1154.2838|R_Astrodon_2018|2459368.1412962964|180.0|21.3233|2.6763|74.5326|1.0366
13|2021-06-02|15:42:29|4C51-37-20210602_154224-R_Astrodon_2018_calib.fits|4C51-37|17 40 37.00|+52 11 43.0|265.1542|52.1953|1040.8012|1024.5272|R_Astrodon_2018|2459368.154502315|180.0|21.5837|2.4853|58.3649|1.1715
14|2021-06-02|15:45:48|4C51-37-20210602_154547-R_Astrodon_2018_calib.fits|4C51-37|17 40 37.00|+52 11 43.0|265.1542|52.1953|1040.5726|1025.2986|R_Astrodon_2018|2459368.1568055553|180.0|21.5798|2.5204|58.6251|1.1684
15|2021-06-02|14:05:34|4C71-07-20210602_140529-R_Astrodon_2018_calib.fits|4C71-07|08 41 24.30|+70 53 42.0|130.3512|70.8950|1063.8849|1016.8038|R_Astrodon_2018|2459368.087199074|180.0|21.2772|4.3035|21.0791|2.7757
16|2021-06-02|14:08:53|4C71-07-20210602_140853-R_Astrodon_2018_calib.fits|4C71-07|08 41 24.30|+70 53 42.0|130.3512|70.8950|1064.9127|1017.9098|R_Astrodon_2018|2459368.089502315|180.0|21.2732|4.0390|20.8124|2.8092
17|2021-06-02|15:58:43|BL-Lacertae-20210602_155838-R_Astrodon_2018_calib.fits|BL-Lacertae|22 02 43.30|+42 16 40.0|330.6804|42.2778|934.3846|942.1023|R_Astrodon_2018|2459368.165775463|180.0|18.9264|3.7530|23.573|2.4492
18|2021-06-02|16:02:02|BL-Lacertae-20210602_160201-R_Astrodon_2018_calib.fits|BL-Lacertae|22 02 43.30|+42 16 40.0|330.6804|42.2778|933.1005|940.4731|R_Astrodon_2018|2459368.168078704|180.0|19.8085|3.7390|24.1775|2.3937
19|2021-06-02|15:01:31|DA406-20210602_150125-R_Astrodon_2018_calib.fits|DA406|16 13 41.00|+34 12 48.0|243.4208|34.2133|1169.9418|1117.9227|R_Astrodon_2018|2459368.1260532406|180.0|21.3838|2.9255|78.0971|1.0211
20|2021-06-02|15:04:49|DA406-20210602_150448-R_Astrodon_2018_calib.fits|DA406|16 13 41.00|+34 12 48.0|243.4208|34.2133|1169.0828|1119.8046|R_Astrodon_2018|2459368.1283449074|180.0|21.3614|2.8921|78.3896|1.0201
21|2021-06-02|15:10:41|KS1510-08-20210602_151035-R_Astrodon_2018_calib.fits|KS1510-08|15 12 50.50|-09 06 00.0|228.2104|-9.1000|892.4416|1178.9467|R_Astrodon_2018|2459368.1324189813|180.0|21.1409|2.8224|55.498|1.2158
22|2021-06-02|15:13:59|KS1510-08-20210602_151359-R_Astrodon_2018_calib.fits|KS1510-08|15 12 50.50|-09 06 00.0|228.2104|-9.1000|892.9023|1176.9725|R_Astrodon_2018|2459368.134710648|180.0|21.1756|2.3544|55.2226|1.2200
23|2021-06-02|14:20:37|Mkn421-20210602_142032-R_Astrodon_2018_calib.fits|Mkn421|11 04 27.30|+38 12 32.0|166.1137|38.2089|1010.6437|981.3522|R_Astrodon_2018|2459368.0976504628|180.0|21.2185|3.6704|36.4175|1.6974
24|2021-06-02|14:23:56|Mkn421-20210602_142355-R_Astrodon_2018_calib.fits|Mkn421|11 04 27.30|+38 12 32.0|166.1137|38.2089|1011.0608|981.6646|R_Astrodon_2018|2459368.0999537036|180.0|21.2013|3.8977|35.7651|1.7244
25|2021-06-02|15:27:21|Mkn501-20210602_152721-R_Astrodon_2018_calib.fits|Mkn501|16 53 52.20|+39 45 37.0|253.4675|39.7603|1027.0859|1023.6720|R_Astrodon_2018|2459368.1439930554|180.0|21.4866|2.4477|71.8618|1.0507
26|2021-06-02|15:30:39|Mkn501-20210602_153038-R_Astrodon_2018_calib.fits|Mkn501|16 53 52.20|+39 45 37.0|253.4675|39.7603|1026.3532|1024.9028|R_Astrodon_2018|2459368.1462847223|180.0|21.4886|2.5494|72.1579|1.0491
27|2021-06-02|14:44:24|ON231-20210602_144419-R_Astrodon_2018_calib.fits|ON231|12 21 31.70|+28 13 59.0|185.3821|28.2331|1018.5063|1021.4092|R_Astrodon_2018|2459368.1141666668|180.0|21.2921|3.2678|46.9171|1.3785
28|2021-06-02|14:47:42|ON231-20210602_144742-R_Astrodon_2018_calib.fits|ON231|12 21 31.70|+28 13 59.0|185.3821|28.2331|1017.8498|1021.8902|R_Astrodon_2018|2459368.1164583336|180.0|21.2778|3.1557|46.1913|1.3952
29|2021-06-02|14:12:47|S4_0954+65-20210602_141247-R_Astrodon_2018_calib.fits|S4_0954+65|09 58 47.20|+65 33 55.0|149.6967|65.5653|1040.2157|1001.5373|R_Astrodon_2018|2459368.092210648|180.0|20.8867|3.6465|27.1717|2.1935
30|2021-06-02|14:16:04|S4_0954+65-20210602_141604-R_Astrodon_2018_calib.fits|S4_0954+65|09 58 47.20|+65 33 55.0|149.6967|65.5653|1040.2105|1002.2123|R_Astrodon_2018|2459368.094490741|180.0|20.8211|3.6876|26.8316|2.2193
31|2021-06-03|14:18:45|3C273-20210603_141840-R_Astrodon_2018_calib.fits|3C273|12 29 06.70|+02 03 09.0|187.2779|2.0525|1020.1634|1016.6879|R_Astrodon_2018|2459369.0963541665|180.0|21.2530|2.2370|45.3053|1.4176
32|2021-06-03|14:22:04|3C273-20210603_142203-R_Astrodon_2018_calib.fits|3C273|12 29 06.70|+02 03 09.0|187.2779|2.0525|1019.9367|1016.1449|R_Astrodon_2018|2459369.0986574073|180.0|21.2647|2.2717|44.5993|1.4353
33|2021-06-03|14:02:49|3C279-20210603_140244-R_Astrodon_2018_calib.fits|3C279|12 56 11.10|-05 47 22.0|194.0462|-5.7894|1031.7462|1029.6993|R_Astrodon_2018|2459369.0852893516|180.0|21.3865|2.2741|48.7551|1.3379
34|2021-06-03|14:06:08|3C279-20210603_140607-R_Astrodon_2018_calib.fits|3C279|12 56 11.10|-05 47 22.0|194.0462|-5.7894|1031.7021|1029.0096|R_Astrodon_2018|2459369.0875925925|180.0|21.3888|2.2041|48.1795|1.3500
35|2021-06-03|15:01:07|3C345-20210603_150107-R_Astrodon_2018_calib.fits|3C345|16 42 58.80|+39 48 37.0|250.7450|39.8103|1023.2617|1027.1277|R_Astrodon_2018|2459369.125775463|180.0|21.0463|2.3164|70.634|1.0580
36|2021-06-03|15:04:24|3C345-20210603_150424-R_Astrodon_2018_calib.fits|3C345|16 42 58.80|+39 48 37.0|250.7450|39.8103|1023.1494|1028.3426|R_Astrodon_2018|2459369.1280555557|180.0|21.0547|2.3103|70.9977|1.0557
37|2021-06-03|15:16:47|3C371-20210603_151641-R_Astrodon_2018_calib.fits|3C371|18 06 50.70|+69 49 28.0|271.7112|69.8244|1039.3505|1032.8186|R_Astrodon_2018|2459369.1366550927|180.0|21.4724|2.6787|40.5109|1.5325
38|2021-06-03|15:20:04|3C371-20210603_152004-R_Astrodon_2018_calib.fits|3C371|18 06 50.70|+69 49 28.0|271.7112|69.8244|1040.6943|1033.0466|R_Astrodon_2018|2459369.138935185|180.0|21.4533|2.5174|40.6768|1.5275
39|2021-06-03|13:54:54|4C29-45-20210603_135449-R_Astrodon_2018_calib.fits|4C29-45|11 59 31.80|+29 14 44.0|179.8825|29.2456|1022.3154|1032.2166|R_Astrodon_2018|2459369.0797916665|180.0|21.4699|2.1978|52.159|1.2733
40|2021-06-03|13:58:13|4C29-45-20210603_135812-R_Astrodon_2018_calib.fits|4C29-45|11 59 31.80|+29 14 44.0|179.8825|29.2456|1022.2459|1032.3651|R_Astrodon_2018|2459369.0820949073|180.0|21.4951|2.2009|51.4338|1.2861
41|2021-06-03|14:46:42|4C38-41-20210603_144637-R_Astrodon_2018_calib.fits|4C38-41|16 35 15.50|+38 08 04.0|248.8146|38.1344|1158.3163|1159.6473|R_Astrodon_2018|2459369.1157638887|180.0|21.3432|2.4608|71.0901|1.0548
42|2021-06-03|14:50:00|4C38-41-20210603_145000-R_Astrodon_2018_calib.fits|4C38-41|16 35 15.50|+38 08 04.0|248.8146|38.1344|1157.7096|1160.7865|R_Astrodon_2018|2459369.1180555555|180.0|21.3410|2.5464|71.5271|1.0522
43|2021-06-03|15:08:51|4C51-37-20210603_150846-R_Astrodon_2018_calib.fits|4C51-37|17 40 37.00|+52 11 43.0|265.1542|52.1953|1032.3450|1020.9163|R_Astrodon_2018|2459369.1311458335|180.0|21.6065|2.4341|55.6067|1.2074
44|2021-06-03|15:12:09|4C51-37-20210603_151209-R_Astrodon_2018_calib.fits|4C51-37|17 40 37.00|+52 11 43.0|265.1542|52.1953|1032.8678|1021.5608|R_Astrodon_2018|2459369.1334375|180.0|21.6010|2.3147|55.9478|1.2026
45|2021-06-03|13:32:04|4C71-07-20210603_133159-R_Astrodon_2018_calib.fits|4C71-07|08 41 24.30|+70 53 42.0|130.3512|70.8950|1057.3783|1018.0527|R_Astrodon_2018|2459369.0639351853|180.0|21.4998|3.2043|23.4825|2.5065
46|2021-06-03|13:35:23|4C71-07-20210603_133522-R_Astrodon_2018_calib.fits|4C71-07|08 41 24.30|+70 53 42.0|130.3512|70.8950|1058.1823|1018.8799|R_Astrodon_2018|2459369.066238426|180.0|21.4609|3.3387|23.2112|2.5339
47|2021-06-03|15:25:04|BL-Lacertae-20210603_152459-R_Astrodon_2018_calib.fits|BL-Lacertae|22 02 43.30|+42 16 40.0|330.6804|42.2778|943.2631|963.5321|R_Astrodon_2018|2459369.1424074075|180.0|21.2718|3.5178|18.2091|3.1073
48|2021-06-03|15:28:23|BL-Lacertae-20210603_152822-R_Astrodon_2018_calib.fits|BL-Lacertae|22 02 43.30|+42 16 40.0|330.6804|42.2778|941.3731|960.7636|R_Astrodon_2018|2459369.1447106483|180.0|21.2922|3.2799|18.8026|3.0169
49|2021-06-03|14:28:03|DA406-20210603_142758-R_Astrodon_2018_calib.fits|DA406|16 13 41.00|+34 12 48.0|243.4208|34.2133|1174.5072|1117.8339|R_Astrodon_2018|2459369.1028125|180.0|21.4920|2.2531|74.2006|1.0372
50|2021-06-03|14:31:21|DA406-20210603_143121-R_Astrodon_2018_calib.fits|DA406|16 13 41.00|+34 12 48.0|243.4208|34.2133|1174.1760|1119.7259|R_Astrodon_2018|2459369.1051041665|180.0|21.4928|2.1768|74.7217|1.0347
51|2021-06-03|14:37:20|KS1510-08-20210603_143714-R_Astrodon_2018_calib.fits|KS1510-08|15 12 50.50|-09 06 00.0|228.2104|-9.1000|887.4927|1185.2342|R_Astrodon_2018|2459369.1092592594|180.0|21.3154|2.3030|57.1648|1.1912
52|2021-06-03|14:40:38|KS1510-08-20210603_144037-R_Astrodon_2018_calib.fits|KS1510-08|15 12 50.50|-09 06 00.0|228.2104|-9.1000|888.4467|1184.1903|R_Astrodon_2018|2459369.1115509258|180.0|21.3274|2.4186|57.0521|1.1928
53|2021-06-03|13:47:08|Mkn421-20210603_134703-R_Astrodon_2018_calib.fits|Mkn421|11 04 27.30|+38 12 32.0|166.1137|38.2089|1012.3953|1010.5683|R_Astrodon_2018|2459369.0743981483|180.0|21.3798|3.1315|42.2367|1.4971
54|2021-06-03|13:50:28|Mkn421-20210603_135028-R_Astrodon_2018_calib.fits|Mkn421|11 04 27.30|+38 12 32.0|166.1137|38.2089|1012.4341|1010.5653|R_Astrodon_2018|2459369.076712963|180.0|21.3856|3.0991|41.5803|1.5164
55|2021-06-03|14:53:55|Mkn501-20210603_145354-R_Astrodon_2018_calib.fits|Mkn501|16 53 52.20|+39 45 37.0|253.4675|39.7603|1024.9401|1021.0802|R_Astrodon_2018|2459369.120775463|180.0|21.5087|2.4245|68.3793|1.0730
56|2021-06-03|14:57:12|Mkn501-20210603_145712-R_Astrodon_2018_calib.fits|Mkn501|16 53 52.20|+39 45 37.0|253.4675|39.7603|1024.6303|1021.7175|R_Astrodon_2018|2459369.1230555554|180.0|21.5077|2.4200|68.829|1.0698
57|2021-06-03|13:16:20|OJ287-20210603_131615-R_Astrodon_2018_calib.fits|OJ287|08 54 48.90|+20 06 31.0|133.7037|20.1086|1036.8404|1024.8474|R_Astrodon_2018|2459369.053009259|180.0|21.3831|3.3567|18.0033|3.2868
58|2021-06-03|13:19:38|OJ287-20210603_131937-R_Astrodon_2018_calib.fits|OJ287|08 54 48.90|+20 06 31.0|133.7037|20.1086|1037.2934|1026.3624|R_Astrodon_2018|2459369.055300926|180.0|21.4241|3.4987|17.2696|3.4221
59|2021-06-03|14:10:52|ON231-20210603_141047-R_Astrodon_2018_calib.fits|ON231|12 21 31.70|+28 13 59.0|185.3821|28.2331|1017.1338|1021.2615|R_Astrodon_2018|2459369.09087963|180.0|21.3866|2.2777|53.4418|1.2518
60|2021-06-03|14:14:11|ON231-20210603_141410-R_Astrodon_2018_calib.fits|ON231|12 21 31.70|+28 13 59.0|185.3821|28.2331|1016.7233|1021.1048|R_Astrodon_2018|2459369.09318287|180.0|21.3759|2.2188|52.7098|1.2639
61|2021-06-03|13:39:17|S4_0954+65-20210603_133917-R_Astrodon_2018_calib.fits|S4_0954+65|09 58 47.20|+65 33 55.0|149.6967|65.5653|1039.2907|1011.5344|R_Astrodon_2018|2459369.068946759|180.0|21.0118|3.0638|30.2182|1.9898
62|2021-06-03|13:42:34|S4_0954+65-20210603_134234-R_Astrodon_2018_calib.fits|S4_0954+65|09 58 47.20|+65 33 55.0|149.6967|65.5653|1039.0055|1012.5331|R_Astrodon_2018|2459369.071226852|180.0|20.9218|3.1204|29.8822|2.0101
63|2021-06-03|13:24:22|S5_0716+71-20210603_132417-R_Astrodon_2018_calib.fits|S5_0716+71|07 21 53.40|+71 20 36.0|110.4725|71.3433|1081.2097|1035.5028|R_Astrodon_2018|2459369.0585879628|180.0|21.4239|3.6393|17.9233|3.2343
64|2021-06-03|13:27:41|S5_0716+71-20210603_132740-R_Astrodon_2018_calib.fits|S5_0716+71|07 21 53.40|+71 20 36.0|110.4725|71.3433|1082.4457|1036.4832|R_Astrodon_2018|2459369.0608912036|180.0|21.4188|3.5191|17.6748|3.2772
65|2021-06-11|18:27:53|3C454-3-20210611_182752-R_Astrodon_2018_calib.fits|3C454-3|22 53 57.70|+16 08 54.0|343.4904|16.1483|1018.4429|1022.1999|R_Astrodon_2018|2459377.269363426|180.0|18.0020|3.4113|46.9023|1.3573
66|2021-06-11|18:31:10|3C454-3-20210611_183109-R_Astrodon_2018_calib.fits|3C454-3|22 53 57.70|+16 08 54.0|343.4904|16.1483|1019.4692|1022.8770|R_Astrodon_2018|2459377.2716435185|180.0|18.2371|3.4607|47.6571|1.3413
67|2021-06-11|18:35:39|BL-Lacertae-20210611_183534-R_Astrodon_2018_calib.fits|BL-Lacertae|22 02 43.30|+42 16 40.0|330.6804|42.2778|1041.6078|1051.2275|R_Astrodon_2018|2459377.2747569443|180.0|20.2116|2.8272|58.4572|1.1689
68|2021-06-11|18:38:57|BL-Lacertae-20210611_183857-R_Astrodon_2018_calib.fits|BL-Lacertae|22 02 43.30|+42 16 40.0|330.6804|42.2778|1042.5826|1052.9535|R_Astrodon_2018|2459377.277048611|180.0|20.0739|2.7170|59.0006|1.1624
69|2021-06-11|18:21:01|CTA102-20210611_182056-R_Astrodon_2018_calib.fits|CTA102|22 32 36.40|+11 43 51.0|338.1517|11.7308|1090.5197|1129.4620|R_Astrodon_2018|2459377.2645949074|180.0|19.5547|3.2523|48.7128|1.3192
70|2021-06-11|18:24:19|CTA102-20210611_182419-R_Astrodon_2018_calib.fits|CTA102|22 32 36.40|+11 43 51.0|338.1517|11.7308|1091.1163|1129.5370|R_Astrodon_2018|2459377.266886574|180.0|18.5246|3.1807|49.4615|1.3047
71|2021-06-11|18:43:18|ES2344+514-20210611_184313-R_Astrodon_2018_calib.fits|ES2344+514|23 47 04.00|+51 42 18.0|356.7667|51.7050|996.2536|1007.0443|R_Astrodon_2018|2459377.2800694443|180.0|18.5281|3.0864|39.8443|1.5495
72|2021-06-11|18:46:38|ES2344+514-20210611_184638-R_Astrodon_2018_calib.fits|ES2344+514|23 47 04.00|+51 42 18.0|356.7667|51.7050|997.2682|1007.1829|R_Astrodon_2018|2459377.282384259|180.0|18.5399|3.2173|40.3487|1.5338
73|2021-06-14|14:27:38|3C273-20210614_142733-R_Astrodon_2018_calib.fits|3C273|12 29 06.70|+02 03 09.0|187.2779|2.0525|1021.1203|1017.7124|R_Astrodon_2018|2459380.102523148|180.0|21.1965|2.1295|33.9231|1.8120
74|2021-06-14|14:30:56|3C273-20210614_143056-R_Astrodon_2018_calib.fits|3C273|12 29 06.70|+02 03 09.0|187.2779|2.0525|1021.2747|1018.0875|R_Astrodon_2018|2459380.104814815|180.0|21.1860|2.1315|33.1866|1.8478
75|2021-06-14|14:19:59|3C279-20210614_141953-R_Astrodon_2018_calib.fits|3C279|12 56 11.10|-05 47 22.0|194.0462|-5.7894|1025.1693|1020.4836|R_Astrodon_2018|2459380.097210648|180.0|21.3009|2.5180|37.2978|1.6658
76|2021-06-14|14:23:16|3C279-20210614_142316-R_Astrodon_2018_calib.fits|3C279|12 56 11.10|-05 47 22.0|194.0462|-5.7894|1025.4242|1020.3451|R_Astrodon_2018|2459380.099490741|180.0|21.3043|2.2685|36.6291|1.6921
77|2021-06-14|15:30:20|3C345-20210614_153020-R_Astrodon_2018_calib.fits|3C345|16 42 58.80|+39 48 37.0|250.7450|39.8103|1019.8004|1017.3141|R_Astrodon_2018|2459380.1460648146|180.0|20.9834|2.2901|72.9236|1.0467
78|2021-06-14|15:33:37|3C345-20210614_153337-R_Astrodon_2018_calib.fits|3C345|16 42 58.80|+39 48 37.0|250.7450|39.8103|1019.2798|1016.6361|R_Astrodon_2018|2459380.1483449074|180.0|20.9799|2.2638|72.7091|1.0480
79|2021-06-14|15:47:28|3C371-20210614_154723-R_Astrodon_2018_calib.fits|3C371|18 06 50.70|+69 49 28.0|271.7112|69.8244|1056.1610|1043.4054|R_Astrodon_2018|2459380.157962963|180.0|21.5251|2.0261|43.2015|1.4577
80|2021-06-14|15:50:46|3C371-20210614_155046-R_Astrodon_2018_calib.fits|3C371|18 06 50.70|+69 49 28.0|271.7112|69.8244|1056.5125|1043.5658|R_Astrodon_2018|2459380.16025463|180.0|21.5252|2.0409|43.2663|1.4561
81|2021-06-14|16:02:48|3C454-3-20210614_160248-R_Astrodon_2018_calib.fits|3C454-3|22 53 57.70|+16 08 54.0|343.4904|16.1483|1018.6584|1025.4199|R_Astrodon_2018|2459380.168611111|180.0|20.4071|2.8718|16.4251|3.4010
82|2021-06-14|16:06:06|3C454-3-20210614_160606-R_Astrodon_2018_calib.fits|3C454-3|22 53 57.70|+16 08 54.0|343.4904|16.1483|1016.4884|1022.8757|R_Astrodon_2018|2459380.170902778|180.0|20.4830|2.7977|17.1707|3.2649
83|2021-06-14|14:12:04|4C29-45-20210614_141158-R_Astrodon_2018_calib.fits|4C29-45|11 59 31.80|+29 14 44.0|179.8825|29.2456|1011.7900|1022.5992|R_Astrodon_2018|2459380.091712963|180.0|21.4166|2.0286|38.9932|1.6027
84|2021-06-14|14:15:22|4C29-45-20210614_141522-R_Astrodon_2018_calib.fits|4C29-45|11 59 31.80|+29 14 44.0|179.8825|29.2456|1011.9150|1022.1545|R_Astrodon_2018|2459380.0940046296|180.0|21.4115|2.1704|38.2782|1.6281
85|2021-06-14|15:02:39|4C38-41-20210614_150233-R_Astrodon_2018_calib.fits|4C38-41|16 35 15.50|+38 08 04.0|248.8146|38.1344|1033.8245|1057.9930|R_Astrodon_2018|2459380.1268402776|180.0|21.3028|2.2491|75.316|1.0336
86|2021-06-14|15:05:56|4C38-41-20210614_150556-R_Astrodon_2018_calib.fits|4C38-41|16 35 15.50|+38 08 04.0|248.8146|38.1344|1033.0542|1057.8632|R_Astrodon_2018|2459380.1291203704|180.0|21.2937|2.0168|75.2644|1.0340
87|2021-06-14|15:39:31|4C51-37-20210614_153926-R_Astrodon_2018_calib.fits|4C51-37|17 40 37.00|+52 11 43.0|265.1542|52.1953|1147.4106|1160.4300|R_Astrodon_2018|2459380.15244213|180.0|21.5995|2.1052|60.8783|1.1436
88|2021-06-14|15:42:50|4C51-37-20210614_154249-R_Astrodon_2018_calib.fits|4C51-37|17 40 37.00|+52 11 43.0|265.1542|52.1953|1147.1194|1161.5561|R_Astrodon_2018|2459380.15474537|180.0|21.6290|1.9900|60.976|1.1427
89|2021-06-14|13:49:16|4C71-07-20210614_134911-R_Astrodon_2018_calib.fits|4C71-07|08 41 24.30|+70 53 42.0|130.3512|70.8950|953.8342|1065.1078|R_Astrodon_2018|2459380.0758796297|180.0|21.4586|3.1059|18.6284|3.1226
90|2021-06-14|13:52:35|4C71-07-20210614_135235-R_Astrodon_2018_calib.fits|4C71-07|08 41 24.30|+70 53 42.0|130.3512|70.8950|955.1005|1065.5094|R_Astrodon_2018|2459380.0781828705|180.0|21.4916|3.0633|18.3703|3.1642
91|2021-06-14|16:10:40|BL-Lacertae-20210614_161034-R_Astrodon_2018_calib.fits|BL-Lacertae|22 02 43.30|+42 16 40.0|330.6804|42.2778|1005.1945|1017.1004|R_Astrodon_2018|2459380.1740740743|180.0|21.5047|2.1937|34.461|1.7456
92|2021-06-14|16:13:58|BL-Lacertae-20210614_161357-R_Astrodon_2018_calib.fits|BL-Lacertae|22 02 43.30|+42 16 40.0|330.6804|42.2778|1006.2861|1017.2956|R_Astrodon_2018|2459380.1763657406|180.0|21.4840|2.1655|35.0729|1.7197
93|2021-06-14|15:55:45|CTA102-20210614_155539-R_Astrodon_2018_calib.fits|CTA102|22 32 36.40|+11 43 51.0|338.1517|11.7308|949.0333|867.0420|R_Astrodon_2018|2459380.163715278|180.0|20.7256|3.2338|18.1088|3.1130
94|2021-06-14|15:59:03|CTA102-20210614_155903-R_Astrodon_2018_calib.fits|CTA102|22 32 36.40|+11 43 51.0|338.1517|11.7308|947.0031|864.3855|R_Astrodon_2018|2459380.1660069446|180.0|21.0147|2.4938|18.8647|2.9982
95|2021-06-14|14:43:17|DA406-20210614_144311-R_Astrodon_2018_calib.fits|DA406|16 13 41.00|+34 12 48.0|243.4208|34.2133|1043.0956|1096.4799|R_Astrodon_2018|2459380.113391204|180.0|21.3650|2.4021|79.1866|1.0181
96|2021-06-14|14:46:35|DA406-20210614_144634-R_Astrodon_2018_calib.fits|DA406|16 13 41.00|+34 12 48.0|243.4208|34.2133|1042.0735|1095.8382|R_Astrodon_2018|2459380.11568287|180.0|21.3978|2.2893|79.0816|1.0185
97|2021-06-14|16:18:32|ES2344+514-20210614_161826-R_Astrodon_2018_calib.fits|ES2344+514|23 47 04.00|+51 42 18.0|356.7667|51.7050|1016.5850|1037.9937|R_Astrodon_2018|2459380.179537037|180.0|21.6007|2.5706|19.369|2.9443
98|2021-06-14|16:21:50|ES2344+514-20210614_162150-R_Astrodon_2018_calib.fits|ES2344+514|23 47 04.00|+51 42 18.0|356.7667|51.7050|1015.0935|1036.6141|R_Astrodon_2018|2459380.1818287037|180.0|21.6138|2.5896|19.8678|2.8756
99|2021-06-14|14:51:29|KS1510-08-20210614_145123-R_Astrodon_2018_calib.fits|KS1510-08|15 12 50.50|-09 06 00.0|228.2104|-9.1000|1013.5467|982.1607|R_Astrodon_2018|2459380.119085648|180.0|21.2808|2.3164|52.6686|1.2621
100|2021-06-14|14:54:47|KS1510-08-20210614_145446-R_Astrodon_2018_calib.fits|KS1510-08|15 12 50.50|-09 06 00.0|228.2104|-9.1000|1014.4899|980.9073|R_Astrodon_2018|2459380.121377315|180.0|21.3035|2.1161|52.2667|1.2691
101|2021-06-14|14:04:21|Mkn421-20210614_140415-R_Astrodon_2018_calib.fits|Mkn421|11 04 27.30|+38 12 32.0|166.1137|38.2089|900.7844|1072.0134|R_Astrodon_2018|2459380.0863541667|180.0|21.3610|2.9442|30.3531|1.9962
102|2021-06-14|14:07:39|Mkn421-20210614_140739-R_Astrodon_2018_calib.fits|Mkn421|11 04 27.30|+38 12 32.0|166.1137|38.2089|901.0901|1072.5762|R_Astrodon_2018|2459380.0886458335|180.0|21.4134|3.0063|29.7086|2.0355
103|2021-06-14|15:23:08|Mkn501-20210614_152303-R_Astrodon_2018_calib.fits|Mkn501|16 53 52.20|+39 45 37.0|253.4675|39.7603|1021.4091|1024.1836|R_Astrodon_2018|2459380.1410648148|180.0|21.3648|2.2543|73.6692|1.0420
104|2021-06-14|15:26:27|Mkn501-20210614_152626-R_Astrodon_2018_calib.fits|Mkn501|16 53 52.20|+39 45 37.0|253.4675|39.7603|1020.8766|1023.2525|R_Astrodon_2018|2459380.1433680556|180.0|21.4069|2.1948|73.6056|1.0425
105|2021-06-14|13:56:31|S4_0954+65-20210614_135631-R_Astrodon_2018_calib.fits|S4_0954+65|09 58 47.20|+65 33 55.0|149.6967|65.5653|926.8344|1055.7769|R_Astrodon_2018|2459380.0809143516|180.0|21.0422|2.5093|23.9683|2.4661
106|2021-06-14|13:59:48|S4_0954+65-20210614_135948-R_Astrodon_2018_calib.fits|S4_0954+65|09 58 47.20|+65 33 55.0|149.6967|65.5653|927.5418|1056.5053|R_Astrodon_2018|2459380.0831944444|180.0|21.0269|2.6518|23.6289|2.4994
107|2021-06-15|15:06:43|3C279-20210615_150638-R_Astrodon_2018_calib.fits|3C279|12 56 11.10|-05 47 22.0|194.0462|-5.7894|1014.7406|977.2488|R_Astrodon_2018|2459381.1296643517|180.0|21.3475|2.7207|26.6443|2.2609
108|2021-06-15|15:10:01|3C279-20210615_151001-R_Astrodon_2018_calib.fits|3C279|12 56 11.10|-05 47 22.0|194.0462|-5.7894|1014.6362|977.6899|R_Astrodon_2018|2459381.1319560185|180.0|21.3401|2.6292|25.9299|2.3194
109|2021-06-15|15:45:30|3C345-20210615_154530-R_Astrodon_2018_calib.fits|3C345|16 42 58.80|+39 48 37.0|250.7450|39.8103|1020.6996|1024.2975|R_Astrodon_2018|2459381.156597222|180.0|21.0655|2.6244|71.3447|1.0567
110|2021-06-15|15:48:56|3C345-20210615_154855-R_Astrodon_2018_calib.fits|3C345|16 42 58.80|+39 48 37.0|250.7450|39.8103|1020.2597|1023.3895|R_Astrodon_2018|2459381.1589814816|180.0|21.0683|2.4776|70.9837|1.0591
111|2021-06-15|16:14:39|3C371-20210615_161433-R_Astrodon_2018_calib.fits|3C371|18 06 50.70|+69 49 28.0|271.7112|69.8244|1165.0105|1116.0634|R_Astrodon_2018|2459381.176840278|180.0|21.0483|2.1384|43.6097|1.4488
112|2021-06-15|16:17:57|3C371-20210615_161756-R_Astrodon_2018_calib.fits|3C371|18 06 50.70|+69 49 28.0|271.7112|69.8244|1165.3044|1116.5658|R_Astrodon_2018|2459381.1791319447|180.0|21.2266|2.1484|43.626|1.4485
113|2021-06-15|14:55:55|4C29-45-20210615_145549-R_Astrodon_2018_calib.fits|4C29-45|11 59 31.80|+29 14 44.0|179.8825|29.2456|885.1327|1092.6105|R_Astrodon_2018|2459381.122164352|180.0|21.4409|2.4730|28.7043|2.1052
114|2021-06-15|15:02:18|4C29-45-20210615_150213-R_Astrodon_2018_calib.fits|4C29-45|11 59 31.80|+29 14 44.0|179.8825|29.2456|885.8979|1093.5965|R_Astrodon_2018|2459381.1265972224|180.0|21.4742|2.5917|27.342|2.2014
115|2021-06-15|15:31:35|4C38-41-20210615_153130-R_Astrodon_2018_calib.fits|4C38-41|16 35 15.50|+38 08 04.0|248.8146|38.1344|1036.0920|1061.4338|R_Astrodon_2018|2459381.14693287|180.0|21.3505|2.6309|73.4059|1.0444
116|2021-06-15|15:34:53|4C38-41-20210615_153452-R_Astrodon_2018_calib.fits|4C38-41|16 35 15.50|+38 08 04.0|248.8146|38.1344|1035.3662|1061.1759|R_Astrodon_2018|2459381.149224537|180.0|21.3403|2.6884|73.0641|1.0464
117|2021-06-15|16:05:33|4C51-37-20210615_160527-R_Astrodon_2018_calib.fits|4C51-37|17 40 37.00|+52 11 43.0|265.1542|52.1953|1033.3439|1033.0682|R_Astrodon_2018|2459381.170520833|180.0|21.5589|2.4314|61.2569|1.1403
118|2021-06-15|16:08:51|4C51-37-20210615_160850-R_Astrodon_2018_calib.fits|4C51-37|17 40 37.00|+52 11 43.0|265.1542|52.1953|1032.5359|1032.4769|R_Astrodon_2018|2459381.1728125|180.0|21.4997|2.7301|61.2285|1.1407
119|2021-06-15|16:22:50|BL-Lacertae-20210615_162244-R_Astrodon_2018_calib.fits|BL-Lacertae|22 02 43.30|+42 16 40.0|330.6804|42.2778|958.3497|920.3274|R_Astrodon_2018|2459381.182523148|180.0|21.2542|2.2831|37.4466|1.6278
120|2021-06-15|16:26:08|BL-Lacertae-20210615_162607-R_Astrodon_2018_calib.fits|BL-Lacertae|22 02 43.30|+42 16 40.0|330.6804|42.2778|958.4457|920.3047|R_Astrodon_2018|2459381.184814815|180.0|21.2346|2.1694|38.0585|1.6060
121|2021-06-15|15:14:58|DA406-20210615_151454-R_Astrodon_2018_calib.fits|DA406|16 13 41.00|+34 12 48.0|243.4208|34.2133|1039.7522|1086.1915|R_Astrodon_2018|2459381.1353935185|180.0|21.4868|2.7566|75.9757|1.0319
122|2021-06-15|15:18:16|DA406-20210615_151816-R_Astrodon_2018_calib.fits|DA406|16 13 41.00|+34 12 48.0|243.4208|34.2133|1038.8153|1085.8585|R_Astrodon_2018|2459381.1376851853|180.0|21.4561|2.8576|75.5013|1.0342
123|2021-06-15|15:22:56|KS1510-08-20210615_152251-R_Astrodon_2018_calib.fits|KS1510-08|15 12 50.50|-09 06 00.0|228.2104|-9.1000|1010.0861|981.2108|R_Astrodon_2018|2459381.140925926|180.0|21.3237|2.4964|47.7484|1.3579
124|2021-06-15|15:26:14|KS1510-08-20210615_152614-R_Astrodon_2018_calib.fits|KS1510-08|15 12 50.50|-09 06 00.0|228.2104|-9.1000|1010.3580|979.6260|R_Astrodon_2018|2459381.1432175925|180.0|21.3439|2.4343|47.2288|1.3695
125|2021-06-15|15:38:27|Mkn501-20210615_153826-R_Astrodon_2018_calib.fits|Mkn501|16 53 52.20|+39 45 37.0|253.4675|39.7603|1021.7361|1028.7038|R_Astrodon_2018|2459381.151701389|180.0|21.5200|2.5531|72.896|1.0469
126|2021-06-15|15:41:44|Mkn501-20210615_154143-R_Astrodon_2018_calib.fits|Mkn501|16 53 52.20|+39 45 37.0|253.4675|39.7603|1021.0502|1028.0172|R_Astrodon_2018|2459381.1539814817|180.0|21.5213|2.5351|72.6716|1.0483
127|2021-06-17|13:21:11|3C273-20210617_132106-R_Astrodon_2018_calib.fits|3C273|12 29 06.70|+02 03 09.0|187.2779|2.0525|1018.1431|1011.5220|R_Astrodon_2018|2459383.056377315|180.0|21.2375|2.3562|45.8398|1.4045
128|2021-06-17|13:24:29|3C273-20210617_132429-R_Astrodon_2018_calib.fits|3C273|12 29 06.70|+02 03 09.0|187.2779|2.0525|1018.5845|1011.0121|R_Astrodon_2018|2459383.0586689813|180.0|21.2457|2.3754|45.1398|1.4216
129|2021-06-17|13:13:43|3C279-20210617_131337-R_Astrodon_2018_calib.fits|3C279|12 56 11.10|-05 47 22.0|194.0462|-5.7894|1034.6422|1028.6112|R_Astrodon_2018|2459383.0511921295|180.0|21.3613|2.9717|47.7179|1.3601
130|2021-06-17|13:17:01|3C279-20210617_131700-R_Astrodon_2018_calib.fits|3C279|12 56 11.10|-05 47 22.0|194.0462|-5.7894|1035.4474|1027.8821|R_Astrodon_2018|2459383.0534837963|180.0|21.4009|2.6867|47.1317|1.3731
131|2021-06-17|14:02:15|3C345-20210617_140214-R_Astrodon_2018_calib.fits|3C345|16 42 58.80|+39 48 37.0|250.7450|39.8103|1025.0025|1028.2098|R_Astrodon_2018|2459383.0848958334|180.0|21.0828|2.1362|70.1886|1.0607
132|2021-06-17|14:05:32|3C345-20210617_140532-R_Astrodon_2018_calib.fits|3C345|16 42 58.80|+39 48 37.0|250.7450|39.8103|1024.2412|1029.3270|R_Astrodon_2018|2459383.0871759257|180.0|21.1694|2.2657|70.5728|1.0583
133|2021-06-17|16:29:08|3C345-20210617_162902-R_Astrodon_2018_calib.fits|3C345|16 42 58.80|+39 48 37.0|250.7450|39.8103|856.9908|1085.1436|R_Astrodon_2018|2459383.186898148|180.0|21.0936|2.1093|64.2714|1.1133
134|2021-06-17|14:17:26|3C371-20210617_141720-R_Astrodon_2018_calib.fits|3C371|18 06 50.70|+69 49 28.0|271.7112|69.8244|1039.6441|1035.2015|R_Astrodon_2018|2459383.095439815|180.0|21.5335|2.6425|40.2875|1.5393
135|2021-06-17|14:20:43|3C371-20210617_142043-R_Astrodon_2018_calib.fits|3C371|18 06 50.70|+69 49 28.0|271.7112|69.8244|1040.6371|1035.5432|R_Astrodon_2018|2459383.0977199073|180.0|21.5197|2.5106|40.4585|1.5341
136|2021-06-17|13:05:55|4C29-45-20210617_130550-R_Astrodon_2018_calib.fits|4C29-45|11 59 31.80|+29 14 44.0|179.8825|29.2456|1022.2287|1028.4112|R_Astrodon_2018|2459383.045775463|180.0|21.5320|2.4451|50.8335|1.2973
137|2021-06-17|13:09:13|4C29-45-20210617_130913-R_Astrodon_2018_calib.fits|4C29-45|11 59 31.80|+29 14 44.0|179.8825|29.2456|1022.1314|1028.4592|R_Astrodon_2018|2459383.0480671297|180.0|21.5285|2.6357|50.1123|1.3109
138|2021-06-17|14:57:33|4C29-45-20210617_145728-R_Astrodon_2018_calib.fits|4C29-45|11 59 31.80|+29 14 44.0|179.8825|29.2456|912.6901|1065.5800|R_Astrodon_2018|2459383.123298611|180.0|21.4102|2.9002|26.6787|2.2537
139|2021-06-17|15:00:51|4C29-45-20210617_150051-R_Astrodon_2018_calib.fits|4C29-45|11 59 31.80|+29 14 44.0|179.8825|29.2456|913.5469|1065.4551|R_Astrodon_2018|2459383.125590278|180.0|21.4163|2.5990|25.9767|2.3106
140|2021-06-17|13:48:15|4C38-41-20210617_134810-R_Astrodon_2018_calib.fits|4C38-41|16 35 15.50|+38 08 04.0|248.8146|38.1344|1146.8608|1157.8202|R_Astrodon_2018|2459383.0751736113|180.0|21.3606|2.4326|70.6227|1.0577
141|2021-06-17|13:51:39|4C38-41-20210617_135138-R_Astrodon_2018_calib.fits|4C38-41|16 35 15.50|+38 08 04.0|248.8146|38.1344|1146.8719|1159.3429|R_Astrodon_2018|2459383.077534722|180.0|21.3661|2.2969|71.0895|1.0548
142|2021-06-17|15:23:07|4C38-41-20210617_152302-R_Astrodon_2018_calib.fits|4C38-41|16 35 15.50|+38 08 04.0|248.8146|38.1344|1036.2499|1062.0969|R_Astrodon_2018|2459383.1410532407|180.0|21.3736|2.1506|73.4658|1.0441
143|2021-06-17|15:26:25|4C38-41-20210617_152624-R_Astrodon_2018_calib.fits|4C38-41|16 35 15.50|+38 08 04.0|248.8146|38.1344|1035.4556|1061.3375|R_Astrodon_2018|2459383.1433449076|180.0|21.3705|2.1119|73.1282|1.0461
144|2021-06-17|14:09:49|4C51-37-20210617_140944-R_Astrodon_2018_calib.fits|4C51-37|17 40 37.00|+52 11 43.0|265.1542|52.1953|1033.9634|1024.1671|R_Astrodon_2018|2459383.090150463|180.0|21.6489|2.1483|55.1841|1.2133
145|2021-06-17|14:13:07|4C51-37-20210617_141307-R_Astrodon_2018_calib.fits|4C51-37|17 40 37.00|+52 11 43.0|265.1542|52.1953|1034.4711|1024.9059|R_Astrodon_2018|2459383.0924421297|180.0|21.6434|2.0995|55.5346|1.2084
146|2021-06-17|13:30:10|DA406-20210617_133004-R_Astrodon_2018_calib.fits|DA406|16 13 41.00|+34 12 48.0|243.4208|34.2133|1166.2767|1111.5658|R_Astrodon_2018|2459383.0626157406|180.0|21.5120|2.2437|73.7403|1.0395
147|2021-06-17|13:33:31|DA406-20210617_133331-R_Astrodon_2018_calib.fits|DA406|16 13 41.00|+34 12 48.0|243.4208|34.2133|1166.2168|1113.3744|R_Astrodon_2018|2459383.0649421294|180.0|21.5044|2.2760|74.2825|1.0368
148|2021-06-17|15:06:33|DA406-20210617_150628-R_Astrodon_2018_calib.fits|DA406|16 13 41.00|+34 12 48.0|243.4208|34.2133|1029.8823|1080.9880|R_Astrodon_2018|2459383.129548611|180.0|21.5029|2.1909|76.0532|1.0316
149|2021-06-17|15:09:51|DA406-20210617_150951-R_Astrodon_2018_calib.fits|DA406|16 13 41.00|+34 12 48.0|243.4208|34.2133|1028.9648|1080.5567|R_Astrodon_2018|2459383.131840278|180.0|21.5001|2.2451|75.5822|1.0338
150|2021-06-17|13:39:11|KS1510-08-20210617_133906-R_Astrodon_2018_calib.fits|KS1510-08|15 12 50.50|-09 06 00.0|228.2104|-9.1000|898.4577|1184.3427|R_Astrodon_2018|2459383.0688773147|180.0|21.3553|2.3764|57.2529|1.1899
151|2021-06-17|13:42:30|KS1510-08-20210617_134229-R_Astrodon_2018_calib.fits|KS1510-08|15 12 50.50|-09 06 00.0|228.2104|-9.1000|898.8133|1183.0507|R_Astrodon_2018|2459383.0711805555|180.0|21.3339|2.4980|57.1581|1.1913
152|2021-06-17|15:14:34|KS1510-08-20210617_151429-R_Astrodon_2018_calib.fits|KS1510-08|15 12 50.50|-09 06 00.0|228.2104|-9.1000|1009.8699|980.5977|R_Astrodon_2018|2459383.135115741|180.0|21.3474|2.2507|47.8268|1.3562
153|2021-06-17|15:17:52|KS1510-08-20210617_151752-R_Astrodon_2018_calib.fits|KS1510-08|15 12 50.50|-09 06 00.0|228.2104|-9.1000|1010.3707|979.7500|R_Astrodon_2018|2459383.1374074076|180.0|21.3422|2.3977|47.3086|1.3677
154|2021-06-17|12:58:19|Mkn421-20210617_125814-R_Astrodon_2018_calib.fits|Mkn421|11 04 27.30|+38 12 32.0|166.1137|38.2089|997.2993|1008.3091|R_Astrodon_2018|2459383.0404976853|180.0|21.4613|2.7901|41.01|1.5340
155|2021-06-17|13:01:41|Mkn421-20210617_130141-R_Astrodon_2018_calib.fits|Mkn421|11 04 27.30|+38 12 32.0|166.1137|38.2089|997.7397|1008.9940|R_Astrodon_2018|2459383.042835648|180.0|21.4650|2.6688|40.3469|1.5549
156|2021-06-17|13:55:13|Mkn501-20210617_135512-R_Astrodon_2018_calib.fits|Mkn501|16 53 52.20|+39 45 37.0|253.4675|39.7603|1026.0239|1022.4349|R_Astrodon_2018|2459383.080011574|180.0|21.5303|2.1681|67.8641|1.0767
157|2021-06-17|13:58:30|Mkn501-20210617_135829-R_Astrodon_2018_calib.fits|Mkn501|16 53 52.20|+39 45 37.0|253.4675|39.7603|1025.9149|1023.3102|R_Astrodon_2018|2459383.082291667|180.0|21.5340|2.0137|68.3277|1.0733
158|2021-06-17|15:29:59|Mkn501-20210617_152958-R_Astrodon_2018_calib.fits|Mkn501|16 53 52.20|+39 45 37.0|253.4675|39.7603|1021.9572|1027.4837|R_Astrodon_2018|2459383.1458217595|180.0|21.5423|2.2380|72.9345|1.0467
159|2021-06-17|15:33:16|Mkn501-20210617_153315-R_Astrodon_2018_calib.fits|Mkn501|16 53 52.20|+39 45 37.0|253.4675|39.7603|1021.2458|1026.3083|R_Astrodon_2018|2459383.148101852|180.0|21.5366|2.2598|72.7147|1.0480
160|2021-06-17|12:50:38|S4_0954+65-20210617_125032-R_Astrodon_2018_calib.fits|S4_0954+65|09 58 47.20|+65 33 55.0|149.6967|65.5653|1054.8743|1030.8401|R_Astrodon_2018|2459383.0351620372|180.0|21.1095|2.7786|29.563|2.0299
161|2021-06-17|12:53:56|S4_0954+65-20210617_125355-R_Astrodon_2018_calib.fits|S4_0954+65|09 58 47.20|+65 33 55.0|149.6967|65.5653|1054.5539|1031.1928|R_Astrodon_2018|2459383.0374537036|180.0|21.0964|2.4811|29.224|2.0513
162|2021-06-18|12:55:52|3C279-20210618_125547-R_Astrodon_2018_calib.fits|3C279|12 56 11.10|-05 47 22.0|194.0462|-5.7894|1032.1768|1033.6526|R_Astrodon_2018|2459384.0387962963|180.0|21.2220|2.1874|50.1054|1.3106
163|2021-06-18|12:59:10|3C279-20210618_125910-R_Astrodon_2018_calib.fits|3C279|12 56 11.10|-05 47 22.0|194.0462|-5.7894|1032.2808|1032.2652|R_Astrodon_2018|2459384.041087963|180.0|21.1787|2.2826|49.5524|1.3215
164|2021-06-18|12:47:58|4C29-45-20210618_124753-R_Astrodon_2018_calib.fits|4C29-45|11 59 31.80|+29 14 44.0|179.8825|29.2456|1022.7290|1029.1762|R_Astrodon_2018|2459384.033310185|180.0|21.3772|2.1306|53.8989|1.2441
165|2021-06-18|12:51:16|4C29-45-20210618_125115-R_Astrodon_2018_calib.fits|4C29-45|11 59 31.80|+29 14 44.0|179.8825|29.2456|1022.8728|1029.1226|R_Astrodon_2018|2459384.035601852|180.0|21.3493|2.0807|53.1772|1.2558
166|2021-06-18|13:16:13|DA406-20210618_131608-R_Astrodon_2018_calib.fits|DA406|16 13 41.00|+34 12 48.0|243.4208|34.2133|1162.9116|1115.3643|R_Astrodon_2018|2459384.052928241|180.0|21.2787|2.5979|72.0389|1.0486
167|2021-06-18|13:19:31|DA406-20210618_131930-R_Astrodon_2018_calib.fits|DA406|16 13 41.00|+34 12 48.0|243.4208|34.2133|1162.5430|1116.9798|R_Astrodon_2018|2459384.0552199073|180.0|21.3095|2.4222|72.6113|1.0455
168|2021-06-18|12:40:14|Mkn421-20210618_124007-R_Astrodon_2018_calib.fits|Mkn421|11 04 27.30|+38 12 32.0|166.1137|38.2089|996.1421|1011.7145|R_Astrodon_2018|2459384.0279398146|180.0|21.1923|2.4764|43.7959|1.4535
169|2021-06-18|12:43:32|Mkn421-20210618_124332-R_Astrodon_2018_calib.fits|Mkn421|11 04 27.30|+38 12 32.0|166.1137|38.2089|996.4659|1011.8615|R_Astrodon_2018|2459384.0302314814|180.0|21.2031|2.3975|43.1466|1.4711
170|2021-06-18|13:03:56|ON231-20210618_130351-R_Astrodon_2018_calib.fits|ON231|12 21 31.70|+28 13 59.0|185.3821|28.2331|1017.6318|1020.4626|R_Astrodon_2018|2459384.044398148|180.0|21.2508|2.3838|55.1982|1.2241
171|2021-06-18|13:07:14|ON231-20210618_130714-R_Astrodon_2018_calib.fits|ON231|12 21 31.70|+28 13 59.0|185.3821|28.2331|1017.1299|1020.6907|R_Astrodon_2018|2459384.046689815|180.0|21.2535|2.2697|54.4696|1.2352
172|2021-06-18|12:32:16|S4_0954+65-20210618_123211-R_Astrodon_2018_calib.fits|S4_0954+65|09 58 47.20|+65 33 55.0|149.6967|65.5653|1052.7435|1028.4902|R_Astrodon_2018|2459384.0224074074|180.0|20.8648|2.8323|31.0376|1.9421
173|2021-06-18|12:35:34|S4_0954+65-20210618_123534-R_Astrodon_2018_calib.fits|S4_0954+65|09 58 47.20|+65 33 55.0|149.6967|65.5653|1052.0017|1028.6124|R_Astrodon_2018|2459384.024699074|180.0|20.8426|2.8252|30.7019|1.9613
174|2021-06-30|13:21:44|3C273-20210630_132139-R_Astrodon_2018_calib.fits|3C273|12 29 06.70|+02 03 09.0|187.2779|2.0525|1019.9475|1018.3168|R_Astrodon_2018|2459396.056759259|180.0|21.2247|2.1528|34.5892|1.7809
175|2021-06-30|13:25:02|3C273-20210630_132501-R_Astrodon_2018_calib.fits|3C273|12 29 06.70|+02 03 09.0|187.2779|2.0525|1020.4287|1018.7207|R_Astrodon_2018|2459396.059050926|180.0|21.2041|2.0605|33.8541|1.8152
176|2021-06-30|13:05:46|3C279-20210630_130541-R_Astrodon_2018_calib.fits|3C279|12 56 11.10|-05 47 22.0|194.0462|-5.7894|1023.9218|1023.9093|R_Astrodon_2018|2459396.0456712963|180.0|21.4160|2.1814|39.5713|1.5834
177|2021-06-30|13:09:05|3C279-20210630_130904-R_Astrodon_2018_calib.fits|3C279|12 56 11.10|-05 47 22.0|194.0462|-5.7894|1024.2243|1023.2411|R_Astrodon_2018|2459396.047974537|180.0|21.4356|2.1885|38.9094|1.6061
178|2021-06-30|14:27:31|3C345-20210630_142731-R_Astrodon_2018_calib.fits|3C345|16 42 58.80|+39 48 37.0|250.7450|39.8103|1019.6072|1015.9143|R_Astrodon_2018|2459396.1024421295|180.0|21.0990|2.5929|72.9179|1.0467
179|2021-06-30|14:30:49|3C345-20210630_143048-R_Astrodon_2018_calib.fits|3C345|16 42 58.80|+39 48 37.0|250.7450|39.8103|1019.3671|1014.5690|R_Astrodon_2018|2459396.1047337963|180.0|21.1006|2.5374|72.7015|1.0481
180|2021-06-30|12:57:51|4C29-45-20210630_125746-R_Astrodon_2018_calib.fits|4C29-45|11 59 31.80|+29 14 44.0|179.8825|29.2456|1014.4058|1015.1597|R_Astrodon_2018|2459396.040173611|180.0|21.4413|2.0032|41.4473|1.5227
181|2021-06-30|13:01:10|4C29-45-20210630_130109-R_Astrodon_2018_calib.fits|4C29-45|11 59 31.80|+29 14 44.0|179.8825|29.2456|1014.5017|1015.3969|R_Astrodon_2018|2459396.042476852|180.0|21.4655|2.0947|40.7269|1.5449
182|2021-06-30|13:59:19|4C38-41-20210630_135914-R_Astrodon_2018_calib.fits|4C38-41|16 35 15.50|+38 08 04.0|248.8146|38.1344|1032.1135|1058.0273|R_Astrodon_2018|2459396.082858796|180.0|21.3027|2.6122|75.3203|1.0336
183|2021-06-30|14:02:37|4C38-41-20210630_140237-R_Astrodon_2018_calib.fits|4C38-41|16 35 15.50|+38 08 04.0|248.8146|38.1344|1031.8816|1057.4834|R_Astrodon_2018|2459396.085150463|180.0|21.3623|2.7051|75.2726|1.0340
184|2021-06-30|14:36:40|4C51-37-20210630_143635-R_Astrodon_2018_calib.fits|4C51-37|17 40 37.00|+52 11 43.0|265.1542|52.1953|1155.5399|1155.0080|R_Astrodon_2018|2459396.108796296|180.0|21.6605|2.7022|60.8801|1.1437
185|2021-06-30|14:39:59|4C51-37-20210630_143958-R_Astrodon_2018_calib.fits|4C51-37|17 40 37.00|+52 11 43.0|265.1542|52.1953|1155.3083|1156.2799|R_Astrodon_2018|2459396.111099537|180.0|21.6692|2.3150|60.9776|1.1427
186|2021-06-30|13:40:19|DA406-20210630_134014-R_Astrodon_2018_calib.fits|DA406|16 13 41.00|+34 12 48.0|243.4208|34.2133|1041.1544|1089.1542|R_Astrodon_2018|2459396.0696643516|180.0|21.5028|2.7499|79.188|1.0181
187|2021-06-30|13:43:36|DA406-20210630_134336-R_Astrodon_2018_calib.fits|DA406|16 13 41.00|+34 12 48.0|243.4208|34.2133|1040.3615|1088.0780|R_Astrodon_2018|2459396.0719444444|180.0|21.4942|2.5095|79.0845|1.0185
188|2021-06-30|13:48:30|KS1510-08-20210630_134825-R_Astrodon_2018_calib.fits|KS1510-08|15 12 50.50|-09 06 00.0|228.2104|-9.1000|1014.6793|984.5037|R_Astrodon_2018|2459396.0753472224|180.0|21.3459|2.4322|52.6774|1.2620
189|2021-06-30|12:50:03|Mkn421-20210630_124958-R_Astrodon_2018_calib.fits|Mkn421|11 04 27.30|+38 12 32.0|166.1137|38.2089|1025.3549|1007.0241|R_Astrodon_2018|2459396.0347569445|180.0|21.3579|3.0704|32.5825|1.8730
190|2021-06-30|12:53:21|Mkn421-20210630_125321-R_Astrodon_2018_calib.fits|Mkn421|11 04 27.30|+38 12 32.0|166.1137|38.2089|1025.3029|1008.1505|R_Astrodon_2018|2459396.0370486113|180.0|21.3493|2.4431|31.9359|1.9071
191|2021-06-30|14:20:18|Mkn501-20210630_142013-R_Astrodon_2018_calib.fits|Mkn501|16 53 52.20|+39 45 37.0|253.4675|39.7603|1023.6210|1019.7116|R_Astrodon_2018|2459396.0974305556|180.0|21.5660|2.7830|73.6681|1.0420
192|2021-06-30|14:23:37|Mkn501-20210630_142336-R_Astrodon_2018_calib.fits|Mkn501|16 53 52.20|+39 45 37.0|253.4675|39.7603|1022.8089|1018.3541|R_Astrodon_2018|2459396.0997337964|180.0|21.5500|2.4873|73.6038|1.0425
193|2021-06-30|13:13:51|ON231-20210630_131346-R_Astrodon_2018_calib.fits|ON231|12 21 31.70|+28 13 59.0|185.3821|28.2331|1022.5367|1022.5470|R_Astrodon_2018|2459396.051284722|180.0|21.4108|2.3437|42.6249|1.4882
194|2021-06-30|13:17:10|ON231-20210630_131709-R_Astrodon_2018_calib.fits|ON231|12 21 31.70|+28 13 59.0|185.3821|28.2331|1022.4993|1022.0836|R_Astrodon_2018|2459396.053587963|180.0|21.3831|2.3312|41.8979|1.5092
