ID|DateObs|TimeObs|Filename|Object|RA_hhmmss|DEC_ddmmss|RA_deg|DEC_deg|RA_pix|Dec_pix|FilterName|JD|ExpTime_sec|Zmag|FWHM|Altitude|Airmass
1|2020-05-01|14:47:25|3C273-20200501@144724-R_Astrodon_2018_calib.fits|3C273|12 29 06.70|+02 03 09.0|187.2779|2.0525|887.3384|809.6380|R_Astrodon_2018|2458971.116261574|180.0|21.1401|2.4717|63.8781|1.1172
2|2020-05-01|14:32:50|4C29-45-20200501@143250-R_Astrodon_2018_calib.fits|4C29-45|11 59 31.80|+29 14 44.0|179.8825|29.2456|944.6359|784.1006|R_Astrodon_2018|2458971.106134259|180.0|21.1821|2.4149|71.8943|1.0545
3|2020-05-01|14:36:25|4C29-45-20200501@143625-R_Astrodon_2018_calib.fits|4C29-45|11 59 31.80|+29 14 44.0|179.8825|29.2456|1023.8892|1024.5752|R_Astrodon_2018|2458971.108622685|180.0|20.7107|2.2614|71.1326|1.0590
4|2020-05-01|13:14:20|4C71-07-20200501@131420-R_Astrodon_2018_calib.fits|4C71-07|08 41 24.30|+70 53 42.0|130.3512|70.8950|1038.8368|1013.8732|R_Astrodon_2018|2458971.0516203702|180.0|21.3552|2.1535|34.9695|1.7426
5|2020-05-01|13:17:37|4C71-07-20200501@131737-R_Astrodon_2018_calib.fits|4C71-07|08 41 24.30|+70 53 42.0|130.3512|70.8950|1038.7403|1013.9282|R_Astrodon_2018|2458971.053900463|180.0|21.3288|2.1588|34.7407|1.7528
6|2020-05-01|13:28:22|Mkn421-20200501@132822-R_Astrodon_2018_calib.fits|Mkn421|11 04 27.30|+38 12 32.0|166.1137|38.2089|957.1791|806.1584|R_Astrodon_2018|2458971.061365741|180.0|20.9346|2.7199|69.4495|1.0694
7|2020-05-01|13:31:38|Mkn421-20200501@133137-R_Astrodon_2018_calib.fits|Mkn421|11 04 27.30|+38 12 32.0|166.1137|38.2089|958.1374|806.6739|R_Astrodon_2018|2458971.063634259|180.0|20.6404|2.6209|68.9579|1.0730
8|2020-05-01|14:40:00|ON231-20200501@144000-R_Astrodon_2018_calib.fits|ON231|12 21 31.70|+28 13 59.0|185.3821|28.2331|939.2252|784.1662|R_Astrodon_2018|2458971.111111111|180.0|20.2922|2.3081|75.2918|1.0358
9|2020-05-01|14:43:34|ON231-20200501@144334-R_Astrodon_2018_calib.fits|ON231|12 21 31.70|+28 13 59.0|185.3821|28.2331|1023.5412|1024.2844|R_Astrodon_2018|2458971.113587963|180.0|20.1725|2.2551|74.5302|1.0395
10|2020-05-01|13:00:07|S0735+17-20200501@130007-R_Astrodon_2018_calib.fits|S0735+17|07 38 07.40|+17 42 19.0|114.5308|17.7053|964.3102|880.0977|R_Astrodon_2018|2458971.041747685|180.0|21.4795|2.3141|32.7428|1.8673
11|2020-05-01|13:03:22|S0735+17-20200501@130322-R_Astrodon_2018_calib.fits|S0735+17|07 38 07.40|+17 42 19.0|114.5308|17.7053|965.7675|881.9920|R_Astrodon_2018|2458971.04400463|180.0|21.0499|2.3618|32.0006|1.9068
12|2020-05-01|13:21:19|S4_0954+65-20200501@132119-R_Astrodon_2018_calib.fits|S4_0954+65|09 58 47.20|+65 33 55.0|149.6967|65.5653|1020.1660|959.9963|R_Astrodon_2018|2458971.0564699075|180.0|20.1798|2.1146|43.3387|1.4563
13|2020-05-01|13:24:34|S4_0954+65-20200501@132433-R_Astrodon_2018_calib.fits|S4_0954+65|09 58 47.20|+65 33 55.0|149.6967|65.5653|1020.2847|959.9126|R_Astrodon_2018|2458971.058726852|180.0|21.1041|2.1136|43.1148|1.4625
14|2020-05-01|13:07:24|S5_0716+71-20200501@130723-R_Astrodon_2018_calib.fits|S5_0716+71|07 21 53.40|+71 20 36.0|110.4725|71.3433|1040.9148|1048.2767|R_Astrodon_2018|2458971.0468055555|180.0|20.4923|2.1824|29.4160|2.0327
15|2020-05-01|13:10:38|S5_0716+71-20200501@131038-R_Astrodon_2018_calib.fits|S5_0716+71|07 21 53.40|+71 20 36.0|110.4725|71.3433|1041.4714|1049.1288|R_Astrodon_2018|2458971.0490509258|180.0|18.6884|2.1478|29.1639|2.0489
16|2020-05-02|15:30:52|3C273-20200502@153048-R_Astrodon_2018_calib.fits|3C273|12 29 06.70|+02 03 09.0|187.2779|2.0525|973.7747|1073.5170|R_Astrodon_2018|2458972.1464351853|180.0|21.2566|2.3703|55.9655|1.2126
17|2020-05-02|15:34:09|3C273-20200502@153408-R_Astrodon_2018_calib.fits|3C273|12 29 06.70|+02 03 09.0|187.2779|2.0525|975.1476|1074.2356|R_Astrodon_2018|2458972.1487152777|180.0|21.2487|2.1901|55.3432|1.2219
18|2020-05-02|15:38:05|3C279-20200502@153801-R_Astrodon_2018_calib.fits|3C279|12 56 11.10|-05 47 22.0|194.0462|-5.7894|1004.5622|1047.8763|R_Astrodon_2018|2458972.1514467592|180.0|20.7069|2.4107|53.4949|1.2496
19|2020-05-02|15:41:21|3C279-20200502@154121-R_Astrodon_2018_calib.fits|3C279|12 56 11.10|-05 47 22.0|194.0462|-5.7894|1006.1762|1047.7696|R_Astrodon_2018|2458972.1537152776|180.0|21.2330|2.5530|53.0114|1.2578
20|2020-05-02|15:16:52|4C29-45-20200502@151649-R_Astrodon_2018_calib.fits|4C29-45|11 59 31.80|+29 14 44.0|179.8825|29.2456|1000.2966|998.6095|R_Astrodon_2018|2458972.1367129628|180.0|21.4245|2.5862|61.5360|1.1421
21|2020-05-02|15:20:08|4C29-45-20200502@152008-R_Astrodon_2018_calib.fits|4C29-45|11 59 31.80|+29 14 44.0|179.8825|29.2456|1001.3909|999.6290|R_Astrodon_2018|2458972.1389814815|180.0|21.4587|2.4333|60.8233|1.1501
22|2020-05-02|14:55:30|4C71-07-20200502@145526-R_Astrodon_2018_calib.fits|4C71-07|08 41 24.30|+70 53 42.0|130.3512|70.8950|1027.8003|1020.6608|R_Astrodon_2018|2458972.121875|180.0|21.0232|2.3919|26.8775|2.2103
23|2020-05-02|14:58:48|4C71-07-20200502@145848-R_Astrodon_2018_calib.fits|4C71-07|08 41 24.30|+70 53 42.0|130.3512|70.8950|1028.5333|1021.2717|R_Astrodon_2018|2458972.1241666665|180.0|21.4604|2.3736|26.6079|2.2311
24|2020-05-02|15:09:36|Mkn421-20200502@150934-R_Astrodon_2018_calib.fits|Mkn421|11 04 27.30|+38 12 32.0|166.1137|38.2089|1023.8576|928.9037|R_Astrodon_2018|2458972.131666667|180.0|21.4010|2.8263|50.5467|1.3015
25|2020-05-02|15:12:52|Mkn421-20200502@151252-R_Astrodon_2018_calib.fits|Mkn421|11 04 27.30|+38 12 32.0|166.1137|38.2089|1024.5505|930.6532|R_Astrodon_2018|2458972.133935185|180.0|21.3605|2.4624|49.9108|1.3139
26|2020-05-02|14:25:45|OJ248-20200502@142542-R_Astrodon_2018_calib.fits|OJ248|08 30 52.10|+24 11 00.0|127.7171|24.1833|1047.1151|1013.9293|R_Astrodon_2018|2458972.101215278|180.0|19.2218|2.6334|26.2109|2.2903
27|2020-05-02|14:10:30|OJ49-20200502@141027-R_Astrodon_2018_calib.fits|OJ49|08 31 48.90|+04 29 39.0|127.9537|4.4942|963.0406|890.8218|R_Astrodon_2018|2458972.090625|180.0|20.6277|2.2891|23.3207|2.5650
28|2020-05-02|14:13:45|OJ49-20200502@141345-R_Astrodon_2018_calib.fits|OJ49|08 31 48.90|+04 29 39.0|127.9537|4.4942|965.1743|890.6771|R_Astrodon_2018|2458972.0928819445|180.0|20.3813|2.4553|22.5765|2.6473
29|2020-05-02|15:23:30|ON231-20200502@152330-R_Astrodon_2018_calib.fits|ON231|12 21 31.70|+28 13 59.0|185.3821|28.2331|1019.0783|1018.8097|R_Astrodon_2018|2458972.1413194444|180.0|21.3252|2.6234|64.9692|1.1075
30|2020-05-02|15:26:45|ON231-20200502@152645-R_Astrodon_2018_calib.fits|ON231|12 21 31.70|+28 13 59.0|185.3821|28.2331|1019.5480|1019.5737|R_Astrodon_2018|2458972.1435763887|180.0|21.3705|2.5585|64.2536|1.1143
31|2020-05-02|14:06:19|S0735+17-20200502@140619-R_Astrodon_2018_calib.fits|S0735+17|07 38 07.40|+17 42 19.0|114.5308|17.7053|987.8047|934.1285|R_Astrodon_2018|2458972.0877199075|180.0|20.7793|2.5493|16.8439|3.5011
32|2020-05-02|15:02:15|S4_0954+65-20200502@150215-R_Astrodon_2018_calib.fits|S4_0954+65|09 58 47.20|+65 33 55.0|149.6967|65.5653|1068.5322|1039.6619|R_Astrodon_2018|2458972.1265625|180.0|20.9777|2.4384|34.4144|1.7708
33|2020-05-02|15:05:30|S4_0954+65-20200502@150530-R_Astrodon_2018_calib.fits|S4_0954+65|09 58 47.20|+65 33 55.0|149.6967|65.5653|1069.0190|1040.5859|R_Astrodon_2018|2458972.128819444|180.0|20.9867|2.2414|34.0968|1.7855
34|2020-05-02|14:18:10|S5_0716+71-20200502@141806-R_Astrodon_2018_calib.fits|S5_0716+71|07 21 53.40|+71 20 36.0|110.4725|71.3433|1097.2940|1122.9490|R_Astrodon_2018|2458972.0959490743|180.0|21.1608|2.6306|23.4716|2.5033
35|2020-05-02|14:21:26|S5_0716+71-20200502@142126-R_Astrodon_2018_calib.fits|S5_0716+71|07 21 53.40|+71 20 36.0|110.4725|71.3433|1098.5031|1123.9081|R_Astrodon_2018|2458972.0982175926|180.0|21.4699|2.8489|23.2104|2.5301
36|2020-05-03|13:42:53|3C273-20200503@134252-R_Astrodon_2018_calib.fits|3C273|12 29 06.70|+02 03 09.0|187.2779|2.0525|-955.8971|1139.7114|R_Astrodon_2018|2458973.071446759|180.0|21.1842|2.4807|68.5504|1.0753
37|2020-05-03|13:46:33|3C273-20200503@134633-R_Astrodon_2018_calib.fits|3C273|12 29 06.70|+02 03 09.0|187.2779|2.0525|1020.9424|1022.9161|R_Astrodon_2018|2458973.0739930556|180.0|21.1585|2.4048|68.4823|1.0791
38|2020-05-03|14:23:30|3C279-20200503@142329-R_Astrodon_2018_calib.fits|3C279|12 56 11.10|-05 47 22.0|194.0462|-5.7894|927.3082|1110.8217|R_Astrodon_2018|2458973.099652778|180.0|21.2083|3.0916|60.3917|1.1519
39|2020-05-03|14:26:44|3C279-20200503@142644-R_Astrodon_2018_calib.fits|3C279|12 56 11.10|-05 47 22.0|194.0462|-5.7894|929.0726|1109.7602|R_Astrodon_2018|2458973.101898148|180.0|21.2780|2.5237|60.2601|1.1536
40|2020-05-03|16:47:46|3C345-20200503@164746-R_Astrodon_2018_calib.fits|3C345|16 42 58.80|+39 48 37.0|250.7450|39.8103|-64.1165|1157.6703|R_Astrodon_2018|2458973.199837963|180.0|20.9757|2.3502|68.8595|1.0695
41|2020-05-03|16:51:26|3C345-20200503@165126-R_Astrodon_2018_calib.fits|3C345|16 42 58.80|+39 48 37.0|250.7450|39.8103|1023.2464|1031.3838|R_Astrodon_2018|2458973.202384259|180.0|20.9435|2.3482|69.3423|1.0675
42|2020-05-03|17:09:41|3C371-20200503@170940-R_Astrodon_2018_calib.fits|3C371|18 06 50.70|+69 49 28.0|271.7112|69.8244|-85.8725|1253.6036|R_Astrodon_2018|2458973.2150578704|180.0|21.4154|2.3593|40.0888|1.5448
43|2020-05-03|17:13:17|3C371-20200503@171317-R_Astrodon_2018_calib.fits|3C371|18 06 50.70|+69 49 28.0|271.7112|69.8244|1024.2813|1031.0297|R_Astrodon_2018|2458973.2175578703|180.0|21.3957|2.5361|40.2807|1.5457
44|2020-05-03|13:19:53|4C29-45-20200503@131952-R_Astrodon_2018_calib.fits|4C29-45|11 59 31.80|+29 14 44.0|179.8825|29.2456|185.2231|1039.9227|R_Astrodon_2018|2458973.055474537|180.0|21.4261|2.1467|83.6788|1.0063
45|2020-05-03|13:23:27|4C29-45-20200503@132327-R_Astrodon_2018_calib.fits|4C29-45|11 59 31.80|+29 14 44.0|179.8825|29.2456|1024.0632|1024.4861|R_Astrodon_2018|2458973.057951389|180.0|21.4672|2.1620|83.3137|1.0068
46|2020-05-03|16:40:39|4C38-41-20200503@164039-R_Astrodon_2018_calib.fits|4C38-41|16 35 15.50|+38 08 04.0|248.8146|38.1344|-63.2011|1154.1296|R_Astrodon_2018|2458973.1948958333|180.0|21.2204|2.2637|70.1145|1.0608
47|2020-05-03|16:44:14|4C38-41-20200503@164414-R_Astrodon_2018_calib.fits|4C38-41|16 35 15.50|+38 08 04.0|248.8146|38.1344|1023.8229|1031.0458|R_Astrodon_2018|2458973.197384259|180.0|21.2395|2.2737|70.6232|1.0587
48|2020-05-03|17:02:21|4C51-37-20200503@170221-R_Astrodon_2018_calib.fits|4C51-37|17 40 37.00|+52 11 43.0|265.1542|52.1953|-70.3863|1185.2456|R_Astrodon_2018|2458973.209965278|180.0|21.5563|3.0622|54.8102|1.2185
49|2020-05-03|17:05:58|4C51-37-20200503@170558-R_Astrodon_2018_calib.fits|4C51-37|17 40 37.00|+52 11 43.0|265.1542|52.1953|1024.0104|1031.5103|R_Astrodon_2018|2458973.212476852|180.0|21.5249|2.3596|55.2024|1.2155
50|2020-05-03|12:57:08|4C71-07-20200503@125707-R_Astrodon_2018_calib.fits|4C71-07|08 41 24.30|+70 53 42.0|130.3512|70.8950|287.8926|1143.1530|R_Astrodon_2018|2458973.039675926|180.0|21.5907|2.5804|35.6078|1.7153
51|2020-05-03|13:00:42|4C71-07-20200503@130042-R_Astrodon_2018_calib.fits|4C71-07|08 41 24.30|+70 53 42.0|130.3512|70.8950|1023.3503|1026.2715|R_Astrodon_2018|2458973.042152778|180.0|21.6001|2.5070|35.3662|1.7224
52|2020-05-03|16:32:40|DA406-20200503@163240-R_Astrodon_2018_calib.fits|DA406|16 13 41.00|+34 12 48.0|243.4208|34.2133|-60.2452|1148.5929|R_Astrodon_2018|2458973.189351852|180.0|21.3754|3.0368|74.7810|1.0344
53|2020-05-03|16:36:20|DA406-20200503@163620-R_Astrodon_2018_calib.fits|DA406|16 13 41.00|+34 12 48.0|243.4208|34.2133|1023.5524|1031.5489|R_Astrodon_2018|2458973.191898148|180.0|21.3557|2.3021|75.3380|1.0325
54|2020-05-03|16:11:44|KS1510-08-20200503@161137-R_Astrodon_2018_calib.fits|KS1510-08|15 12 50.50|-09 06 00.0|228.2104|-9.1000|1020.8884|1105.7524|R_Astrodon_2018|2458973.1748148147|180.0|21.1155|3.0125|57.3482|1.1877
55|2020-05-03|16:27:27|KS1510-08-20200503@162727-R_Astrodon_2018_calib.fits|KS1510-08|15 12 50.50|-09 06 00.0|228.2104|-9.1000|797.1453|1208.9505|R_Astrodon_2018|2458973.1857291665|180.0|21.1548|2.5725|57.3958|1.1879
56|2020-05-03|13:11:44|Mkn421-20200503@131143-R_Astrodon_2018_calib.fits|Mkn421|11 04 27.30|+38 12 32.0|166.1137|38.2089|212.0833|1033.4815|R_Astrodon_2018|2458973.0498148147|180.0|21.4770|3.4567|70.7071|1.0607
57|2020-05-03|13:15:21|Mkn421-20200503@131521-R_Astrodon_2018_calib.fits|Mkn421|11 04 27.30|+38 12 32.0|166.1137|38.2089|1024.1842|1025.7548|R_Astrodon_2018|2458973.0523263887|180.0|21.4311|2.6376|70.2001|1.0633
58|2020-05-03|16:54:57|Mkn501-20200503@165456-R_Astrodon_2018_calib.fits|Mkn501|16 53 52.20|+39 45 37.0|253.4675|39.7603|-63.3499|1156.6927|R_Astrodon_2018|2458973.204826389|180.0|21.5075|2.2073|68.3931|1.0728
59|2020-05-03|16:58:42|Mkn501-20200503@165842-R_Astrodon_2018_calib.fits|Mkn501|16 53 52.20|+39 45 37.0|253.4675|39.7603|1023.5480|1030.9729|R_Astrodon_2018|2458973.2074305555|180.0|21.4141|2.2363|68.9051|1.0704
60|2020-05-03|14:01:51|OJ248-20200503@140151-R_Astrodon_2018_calib.fits|OJ248|08 30 52.10|+24 11 00.0|127.7171|24.1833|-1192.8787|1257.6977|R_Astrodon_2018|2458973.0846180557|180.0|-9999.0000|-9999.0000|30.6281|1.9826
61|2020-05-03|14:12:34|OJ248-20200503@141234-R_Astrodon_2018_calib.fits|OJ248|08 30 52.10|+24 11 00.0|127.7171|24.1833|1029.5168|1181.5657|R_Astrodon_2018|2458973.092060185|180.0|20.9922|3.0685|28.2539|2.1359
62|2020-05-03|14:16:09|OJ287-20200503@141609-R_Astrodon_2018_calib.fits|OJ287|08 54 48.90|+20 06 31.0|133.7037|20.1086|1022.6756|1161.5811|R_Astrodon_2018|2458973.094548611|180.0|21.5570|2.8499|31.7329|1.9209
63|2020-05-03|14:19:24|OJ287-20200503@141923-R_Astrodon_2018_calib.fits|OJ287|08 54 48.90|+20 06 31.0|133.7037|20.1086|1023.6553|1164.1363|R_Astrodon_2018|2458973.0968055557|180.0|21.5280|3.2109|30.9970|1.9628
64|2020-05-03|12:49:24|OJ49-20200503@124924-R_Astrodon_2018_calib.fits|OJ49|08 31 48.90|+04 29 39.0|127.9537|4.4942|199.5322|1112.3261|R_Astrodon_2018|2458973.0343055557|180.0|21.0970|2.6083|40.7740|1.5442
65|2020-05-03|12:52:57|OJ49-20200503@125257-R_Astrodon_2018_calib.fits|OJ49|08 31 48.90|+04 29 39.0|127.9537|4.4942|1025.2482|1025.9912|R_Astrodon_2018|2458973.036770833|180.0|21.0803|2.5820|39.9851|1.5731
66|2020-05-03|13:35:30|ON231-20200503@133530-R_Astrodon_2018_calib.fits|ON231|12 21 31.70|+28 13 59.0|185.3821|28.2331|-882.7056|1117.3735|R_Astrodon_2018|2458973.066319444|180.0|21.3544|2.4388|85.0982|1.0037
67|2020-05-03|13:39:06|ON231-20200503@133906-R_Astrodon_2018_calib.fits|ON231|12 21 31.70|+28 13 59.0|185.3821|28.2331|1021.2135|1029.0865|R_Astrodon_2018|2458973.0688194446|180.0|21.3327|2.5738|84.8466|1.0037
68|2020-05-03|12:42:11|S0735+17-20200503@124211-R_Astrodon_2018_calib.fits|S0735+17|07 38 07.40|+17 42 19.0|114.5308|17.7053|229.2095|1130.1484|R_Astrodon_2018|2458973.0292939814|180.0|21.4812|2.7639|35.0448|1.7578
69|2020-05-03|12:45:44|S0735+17-20200503@124544-R_Astrodon_2018_calib.fits|S0735+17|07 38 07.40|+17 42 19.0|114.5308|17.7053|1023.9304|1027.4618|R_Astrodon_2018|2458973.0317592593|180.0|21.4843|2.7793|34.2328|1.7980
70|2020-05-03|13:04:24|S4_0954+65-20200503@130423-R_Astrodon_2018_calib.fits|S4_0954+65|09 58 47.20|+65 33 55.0|149.6967|65.5653|267.7562|1108.6409|R_Astrodon_2018|2458973.0447222223|180.0|21.1068|2.4398|43.9390|1.4402
71|2020-05-03|13:07:58|S4_0954+65-20200503@130758-R_Astrodon_2018_calib.fits|S4_0954+65|09 58 47.20|+65 33 55.0|149.6967|65.5653|1024.0230|1026.0534|R_Astrodon_2018|2458973.047199074|180.0|21.0570|2.5144|43.7067|1.4433
72|2020-05-03|13:53:06|S5_0716+71-20200503@135306-R_Astrodon_2018_calib.fits|S5_0716+71|07 21 53.40|+71 20 36.0|110.4725|71.3433|-1145.6504|1309.8219|R_Astrodon_2018|2458973.0785416667|180.0|-9999.0000|-9999.0000|25.1653|2.3460
73|2020-05-03|13:57:20|S5_0716+71-20200503@135719-R_Astrodon_2018_calib.fits|S5_0716+71|07 21 53.40|+71 20 36.0|110.4725|71.3433|-1143.9595|1309.6576|R_Astrodon_2018|2458973.0814814814|180.0|-9999.0000|-9999.0000|24.8258|2.3760
74|2020-05-04|16:16:51|3C345-20200504@161651-R_Astrodon_2018_calib.fits|3C345|16 42 58.80|+39 48 37.0|250.7450|39.8103|1023.4357|1035.6917|R_Astrodon_2018|2458974.1783680557|180.0|20.9734|2.0987|64.8590|1.1007
75|2020-05-04|16:20:06|3C345-20200504@162006-R_Astrodon_2018_calib.fits|3C345|16 42 58.80|+39 48 37.0|250.7450|39.8103|1023.3606|1037.1380|R_Astrodon_2018|2458974.180625|180.0|20.9746|2.0695|65.3754|1.0962
76|2020-05-04|16:38:02|3C371-20200504@163759-R_Astrodon_2018_calib.fits|3C371|18 06 50.70|+69 49 28.0|271.7112|69.8244|1012.3718|1125.2644|R_Astrodon_2018|2458974.1930787037|180.0|21.3869|2.2273|38.4677|1.5969
77|2020-05-04|16:41:18|3C371-20200504@164118-R_Astrodon_2018_calib.fits|3C371|18 06 50.70|+69 49 28.0|271.7112|69.8244|1012.7262|1126.4454|R_Astrodon_2018|2458974.195347222|180.0|21.3855|2.3194|38.6713|1.5899
78|2020-05-04|14:04:04|4C29-45-20200504@140400-R_Astrodon_2018_calib.fits|4C29-45|11 59 31.80|+29 14 44.0|179.8825|29.2456|998.6803|1019.4308|R_Astrodon_2018|2458974.0861574076|180.0|21.4144|2.0685|75.4459|1.0350
79|2020-05-04|14:07:20|4C29-45-20200504@140719-R_Astrodon_2018_calib.fits|4C29-45|11 59 31.80|+29 14 44.0|179.8825|29.2456|999.4355|1019.5585|R_Astrodon_2018|2458974.088425926|180.0|21.4040|1.9254|74.7714|1.0385
80|2020-05-04|16:10:13|4C38-41-20200504@161013-R_Astrodon_2018_calib.fits|4C38-41|16 35 15.50|+38 08 04.0|248.8146|38.1344|1024.0153|1030.7334|R_Astrodon_2018|2458974.173761574|180.0|21.2752|1.8826|65.9334|1.0914
81|2020-05-04|16:13:29|4C38-41-20200504@161329-R_Astrodon_2018_calib.fits|4C38-41|16 35 15.50|+38 08 04.0|248.8146|38.1344|1024.3296|1032.2080|R_Astrodon_2018|2458974.1760300924|180.0|21.2796|1.9480|66.4813|1.0869
82|2020-05-04|16:30:44|4C51-37-20200504@163040-R_Astrodon_2018_calib.fits|4C51-37|17 40 37.00|+52 11 43.0|265.1542|52.1953|1019.9522|1074.5349|R_Astrodon_2018|2458974.1880092593|180.0|21.5224|1.8898|51.5457|1.2700
83|2020-05-04|16:34:01|4C51-37-20200504@163401-R_Astrodon_2018_calib.fits|4C51-37|17 40 37.00|+52 11 43.0|265.1542|52.1953|1020.1591|1075.0140|R_Astrodon_2018|2458974.1902893516|180.0|21.5169|1.9291|51.9547|1.2630
84|2020-05-04|13:41:44|4C71-07-20200504@134140-R_Astrodon_2018_calib.fits|4C71-07|08 41 24.30|+70 53 42.0|130.3512|70.8950|1082.8232|1084.0057|R_Astrodon_2018|2458974.070648148|180.0|21.5021|2.7482|32.1113|1.8791
85|2020-05-04|13:45:01|4C71-07-20200504@134501-R_Astrodon_2018_calib.fits|4C71-07|08 41 24.30|+70 53 42.0|130.3512|70.8950|1082.8670|1084.5701|R_Astrodon_2018|2458974.0729282405|180.0|21.5050|2.7493|31.8609|1.8924
86|2020-05-04|16:03:31|DA406-20200504@160328-R_Astrodon_2018_calib.fits|DA406|16 13 41.00|+34 12 48.0|243.4208|34.2133|976.5402|1016.6646|R_Astrodon_2018|2458974.1691087964|180.0|21.3828|2.0673|70.4871|1.0578
87|2020-05-04|16:06:48|DA406-20200504@160648-R_Astrodon_2018_calib.fits|DA406|16 13 41.00|+34 12 48.0|243.4208|34.2133|977.2546|1018.1982|R_Astrodon_2018|2458974.1713888887|180.0|21.3902|2.0116|71.0814|1.0541
88|2020-05-04|15:55:47|KS1510-08-20200504@155544-R_Astrodon_2018_calib.fits|KS1510-08|15 12 50.50|-09 06 00.0|228.2104|-9.1000|1066.6658|1063.1710|R_Astrodon_2018|2458974.163738426|180.0|21.2062|2.2484|57.0069|1.1915
89|2020-05-04|15:59:03|KS1510-08-20200504@155903-R_Astrodon_2018_calib.fits|KS1510-08|15 12 50.50|-09 06 00.0|228.2104|-9.1000|1065.8927|1065.7700|R_Astrodon_2018|2458974.1660069446|180.0|21.2185|2.3489|57.1254|1.1901
90|2020-05-04|13:56:14|Mkn421-20200504@135609-R_Astrodon_2018_calib.fits|Mkn421|11 04 27.30|+38 12 32.0|166.1137|38.2089|1019.8626|949.0272|R_Astrodon_2018|2458974.0807175925|180.0|21.3530|2.9466|62.8796|1.1265
91|2020-05-04|13:59:29|Mkn421-20200504@135929-R_Astrodon_2018_calib.fits|Mkn421|11 04 27.30|+38 12 32.0|166.1137|38.2089|1021.2726|950.0056|R_Astrodon_2018|2458974.082974537|180.0|21.3679|2.8141|62.2977|1.1327
92|2020-05-04|16:23:28|Mkn501-20200504@162328-R_Astrodon_2018_calib.fits|Mkn501|16 53 52.20|+39 45 37.0|253.4675|39.7603|1024.8754|1034.7719|R_Astrodon_2018|2458974.182962963|180.0|21.4429|1.9458|64.1998|1.1066
93|2020-05-04|16:26:44|Mkn501-20200504@162644-R_Astrodon_2018_calib.fits|Mkn501|16 53 52.20|+39 45 37.0|253.4675|39.7603|1024.6206|1036.0888|R_Astrodon_2018|2458974.1852314817|180.0|21.4329|1.9624|64.7297|1.1018
94|2020-05-04|13:27:17|OJ248-20200504@132713-R_Astrodon_2018_calib.fits|OJ248|08 30 52.10|+24 11 00.0|127.7171|24.1833|1051.6660|1010.8704|R_Astrodon_2018|2458974.060613426|180.0|21.0374|2.5375|37.4561|1.6584
95|2020-05-04|13:30:33|OJ248-20200504@133032-R_Astrodon_2018_calib.fits|OJ248|08 30 52.10|+24 11 00.0|127.7171|24.1833|1053.0759|1012.7975|R_Astrodon_2018|2458974.0628819442|180.0|21.0248|2.5280|36.7254|1.6871
96|2020-05-04|13:34:05|OJ287-20200504@133405-R_Astrodon_2018_calib.fits|OJ287|08 54 48.90|+20 06 31.0|133.7037|20.1086|1015.2092|1009.6008|R_Astrodon_2018|2458974.065335648|180.0|21.5681|2.5017|40.4051|1.5554
97|2020-05-04|13:37:21|OJ287-20200504@133720-R_Astrodon_2018_calib.fits|OJ287|08 54 48.90|+20 06 31.0|133.7037|20.1086|1016.4954|1012.1327|R_Astrodon_2018|2458974.0676041665|180.0|21.5544|2.2666|39.6598|1.5801
98|2020-05-04|13:11:41|OJ49-20200504@131136-R_Astrodon_2018_calib.fits|OJ49|08 31 48.90|+04 29 39.0|127.9537|4.4942|1001.3643|992.8766|R_Astrodon_2018|2458974.0497800927|180.0|21.0049|2.6086|34.9079|1.7655
99|2020-05-04|13:14:56|OJ49-20200504@131455-R_Astrodon_2018_calib.fits|OJ49|08 31 48.90|+04 29 39.0|127.9537|4.4942|1003.3737|994.7143|R_Astrodon_2018|2458974.052037037|180.0|21.0061|2.5047|34.1750|1.7995
100|2020-05-04|14:11:00|ON231-20200504@141059-R_Astrodon_2018_calib.fits|ON231|12 21 31.70|+28 13 59.0|185.3821|28.2331|1016.3260|1026.6540|R_Astrodon_2018|2458974.0909722224|180.0|21.2954|2.0900|78.8862|1.0204
101|2020-05-04|14:14:15|ON231-20200504@141414-R_Astrodon_2018_calib.fits|ON231|12 21 31.70|+28 13 59.0|185.3821|28.2331|1017.5764|1027.0579|R_Astrodon_2018|2458974.0932291667|180.0|-9999.0000|-9999.0000|78.2206|1.0230
102|2020-05-04|13:04:15|S0735+17-20200504@130411-R_Astrodon_2018_calib.fits|S0735+17|07 38 07.40|+17 42 19.0|114.5308|17.7053|968.2554|862.1366|R_Astrodon_2018|2458974.0446180557|180.0|21.4143|2.6497|29.1094|2.0803
103|2020-05-04|13:07:31|S0735+17-20200504@130731-R_Astrodon_2018_calib.fits|S0735+17|07 38 07.40|+17 42 19.0|114.5308|17.7053|970.3722|863.0158|R_Astrodon_2018|2458974.046886574|180.0|21.4150|2.6174|28.3657|2.1313
104|2020-05-04|13:48:41|S4_0954+65-20200504@134841-R_Astrodon_2018_calib.fits|S4_0954+65|09 58 47.20|+65 33 55.0|149.6967|65.5653|1068.5733|1037.9607|R_Astrodon_2018|2458974.075474537|180.0|20.9862|2.4917|40.3776|1.5436
105|2020-05-04|13:51:56|S4_0954+65-20200504@135155-R_Astrodon_2018_calib.fits|S4_0954+65|09 58 47.20|+65 33 55.0|149.6967|65.5653|1068.7794|1038.6375|R_Astrodon_2018|2458974.0777314813|180.0|20.9775|2.4859|40.1084|1.5524
106|2020-05-04|13:19:30|S5_0716+71-20200504@131926-R_Astrodon_2018_calib.fits|S5_0716+71|07 21 53.40|+71 20 36.0|110.4725|71.3433|1111.9292|1109.2348|R_Astrodon_2018|2458974.0552083333|180.0|21.4548|3.1369|27.5357|2.1591
107|2020-05-04|13:22:45|S5_0716+71-20200504@132245-R_Astrodon_2018_calib.fits|S5_0716+71|07 21 53.40|+71 20 36.0|110.4725|71.3433|1112.3148|1110.2805|R_Astrodon_2018|2458974.0574652776|180.0|21.4625|3.1762|27.2774|2.1781
108|2020-05-08|15:49:33|3C273-20200508@154929-R_Astrodon_2018_calib.fits|3C273|12 29 06.70|+02 03 09.0|187.2779|2.0525|993.5484|1106.8795|R_Astrodon_2018|2458978.1594097223|180.0|20.9394|2.2758|47.5132|1.3653
109|2020-05-08|15:52:49|3C273-20200508@155249-R_Astrodon_2018_calib.fits|3C273|12 29 06.70|+02 03 09.0|187.2779|2.0525|994.5513|1107.8756|R_Astrodon_2018|2458978.1616782406|180.0|20.9201|2.3509|46.8284|1.3809
110|2020-05-08|15:56:44|3C279-20200508@155641-R_Astrodon_2018_calib.fits|3C279|12 56 11.10|-05 47 22.0|194.0462|-5.7894|1005.4263|1037.3790|R_Astrodon_2018|2458978.164398148|180.0|20.9941|2.2899|46.5212|1.3870
111|2020-05-08|16:00:00|3C279-20200508@160000-R_Astrodon_2018_calib.fits|3C279|12 56 11.10|-05 47 22.0|194.0462|-5.7894|1007.2590|1038.0673|R_Astrodon_2018|2458978.1666666665|180.0|21.0180|2.1801|45.9272|1.4012
112|2020-05-08|16:19:15|3C345-20200508@161915-R_Astrodon_2018_calib.fits|3C345|16 42 58.80|+39 48 37.0|250.7450|39.8103|1016.9581|1038.5398|R_Astrodon_2018|2458978.180034722|180.0|20.6126|2.5050|67.6259|1.0783
113|2020-05-08|16:22:35|3C345-20200508@162234-R_Astrodon_2018_calib.fits|3C345|16 42 58.80|+39 48 37.0|250.7450|39.8103|1016.4453|1040.3537|R_Astrodon_2018|2458978.182349537|180.0|20.5158|2.5895|68.1006|1.0748
114|2020-05-08|16:40:46|3C371-20200508@164036-R_Astrodon_2018_calib.fits|3C371|18 06 50.70|+69 49 28.0|271.7112|69.8244|1011.6147|1127.8101|R_Astrodon_2018|2458978.194976852|180.0|20.9995|2.1648|39.5749|1.5604
115|2020-05-08|16:44:02|3C371-20200508@164402-R_Astrodon_2018_calib.fits|3C371|18 06 50.70|+69 49 28.0|271.7112|69.8244|1011.6016|1129.5096|R_Astrodon_2018|2458978.1972453706|180.0|21.0262|2.1973|39.7595|1.5545
116|2020-05-08|14:50:06|4C29-45-20200508@145002-R_Astrodon_2018_calib.fits|4C29-45|11 59 31.80|+29 14 44.0|179.8825|29.2456|1001.2248|1000.5272|R_Astrodon_2018|2458978.118125|180.0|20.7347|3.2356|62.2284|1.1352
117|2020-05-08|14:53:39|4C29-45-20200508@145339-R_Astrodon_2018_calib.fits|4C29-45|11 59 31.80|+29 14 44.0|179.8825|29.2456|1001.9610|1001.8504|R_Astrodon_2018|2458978.120590278|180.0|20.2535|3.1938|61.4543|1.1430
118|2020-05-08|16:12:36|4C38-41-20200508@161236-R_Astrodon_2018_calib.fits|4C38-41|16 35 15.50|+38 08 04.0|248.8146|38.1344|1018.6781|1033.7344|R_Astrodon_2018|2458978.1754166665|180.0|20.9903|2.7143|68.8635|1.0691
119|2020-05-08|16:15:53|4C38-41-20200508@161553-R_Astrodon_2018_calib.fits|4C38-41|16 35 15.50|+38 08 04.0|248.8146|38.1344|1018.5561|1035.1652|R_Astrodon_2018|2458978.1776967593|180.0|20.9646|2.5124|69.3624|1.0657
120|2020-05-08|16:33:14|4C51-37-20200508@163310-R_Astrodon_2018_calib.fits|4C51-37|17 40 37.00|+52 11 43.0|265.1542|52.1953|1010.1006|1076.0608|R_Astrodon_2018|2458978.1897453703|180.0|21.1972|2.3268|53.7446|1.2342
121|2020-05-08|16:36:31|4C51-37-20200508@163631-R_Astrodon_2018_calib.fits|4C51-37|17 40 37.00|+52 11 43.0|265.1542|52.1953|1010.2533|1077.1569|R_Astrodon_2018|2458978.192025463|180.0|21.2001|2.3227|54.1208|1.2285
122|2020-05-08|14:27:33|4C71-07-20200508@142730-R_Astrodon_2018_calib.fits|4C71-07|08 41 24.30|+70 53 42.0|130.3512|70.8950|1079.3108|1087.3304|R_Astrodon_2018|2458978.102465278|180.0|21.2086|2.3081|27.2331|2.1824
123|2020-05-08|14:30:51|4C71-07-20200508@143051-R_Astrodon_2018_calib.fits|4C71-07|08 41 24.30|+70 53 42.0|130.3512|70.8950|1079.6363|1088.8067|R_Astrodon_2018|2458978.1047569443|180.0|21.1923|2.4711|26.9640|2.2027
124|2020-05-08|16:05:41|DA406-20200508@160537-R_Astrodon_2018_calib.fits|DA406|16 13 41.00|+34 12 48.0|243.4208|34.2133|1021.7885|1026.0959|R_Astrodon_2018|2458978.170613426|180.0|21.0344|2.9396|73.6079|1.0401
125|2020-05-08|16:08:58|DA406-20200508@160858-R_Astrodon_2018_calib.fits|DA406|16 13 41.00|+34 12 48.0|243.4208|34.2133|1021.7431|1027.7398|R_Astrodon_2018|2458978.1728935186|180.0|21.0680|2.7896|74.1430|1.0374
126|2020-05-08|14:42:34|Mkn421-20200508@144230-R_Astrodon_2018_calib.fits|Mkn421|11 04 27.30|+38 12 32.0|166.1137|38.2089|1024.4070|907.8194|R_Astrodon_2018|2458978.1128935185|180.0|21.1673|4.3771|51.2155|1.2900
127|2020-05-08|14:46:05|Mkn421-20200508@144605-R_Astrodon_2018_calib.fits|Mkn421|11 04 27.30|+38 12 32.0|166.1137|38.2089|1025.7590|910.1732|R_Astrodon_2018|2458978.115335648|180.0|21.0892|3.7828|50.5322|1.3020
128|2020-05-08|16:25:58|Mkn501-20200508@162558-R_Astrodon_2018_calib.fits|Mkn501|16 53 52.20|+39 45 37.0|253.4675|39.7603|1018.1573|1036.7714|R_Astrodon_2018|2458978.184699074|180.0|21.1084|2.5117|67.0515|1.0827
129|2020-05-08|16:29:14|Mkn501-20200508@162914-R_Astrodon_2018_calib.fits|Mkn501|16 53 52.20|+39 45 37.0|253.4675|39.7603|1017.9335|1038.4129|R_Astrodon_2018|2458978.1869675927|180.0|21.1195|2.6471|67.5319|1.0790
130|2020-05-08|14:13:26|OJ248-20200508@141323-R_Astrodon_2018_calib.fits|OJ248|08 30 52.10|+24 11 00.0|127.7171|24.1833|1009.2644|1068.3609|R_Astrodon_2018|2458978.092662037|180.0|20.6605|3.5068|23.7302|2.5138
131|2020-05-08|14:16:42|OJ248-20200508@141642-R_Astrodon_2018_calib.fits|OJ248|08 30 52.10|+24 11 00.0|127.7171|24.1833|1011.5488|1067.7078|R_Astrodon_2018|2458978.0949305557|180.0|20.5980|3.2533|23.0134|2.5892
132|2020-05-08|14:20:05|OJ287-20200508@142005-R_Astrodon_2018_calib.fits|OJ287|08 54 48.90|+20 06 31.0|133.7037|20.1086|1016.8658|1001.2058|R_Astrodon_2018|2458978.0972800925|180.0|21.2035|2.3513|26.4043|2.2757
133|2020-05-08|14:23:21|OJ287-20200508@142321-R_Astrodon_2018_calib.fits|OJ287|08 54 48.90|+20 06 31.0|133.7037|20.1086|1018.9251|1002.1535|R_Astrodon_2018|2458978.0995486113|180.0|21.1697|2.4770|25.6691|2.3375
134|2020-05-08|14:57:00|ON231-20200508@145700-R_Astrodon_2018_calib.fits|ON231|12 21 31.70|+28 13 59.0|185.3821|28.2331|1017.9015|1019.8453|R_Astrodon_2018|2458978.122916667|180.0|20.8097|3.1355|65.6094|1.1017
135|2020-05-08|15:00:16|ON231-20200508@150016-R_Astrodon_2018_calib.fits|ON231|12 21 31.70|+28 13 59.0|185.3821|28.2331|1018.8123|1020.4274|R_Astrodon_2018|2458978.125185185|180.0|20.6780|2.9336|64.8905|1.1083
136|2020-05-08|14:34:21|S4_0954+65-20200508@143421-R_Astrodon_2018_calib.fits|S4_0954+65|09 58 47.20|+65 33 55.0|149.6967|65.5653|1069.2523|1026.1299|R_Astrodon_2018|2458978.1071875|180.0|20.8073|2.4795|34.8330|1.7521
137|2020-05-08|14:37:39|S4_0954+65-20200508@143739-R_Astrodon_2018_calib.fits|S4_0954+65|09 58 47.20|+65 33 55.0|149.6967|65.5653|1069.9035|1027.5314|R_Astrodon_2018|2458978.1094791666|180.0|20.8033|2.2804|34.5127|1.7665
138|2020-05-08|14:05:44|S5_0716+71-20200508@140541-R_Astrodon_2018_calib.fits|S5_0716+71|07 21 53.40|+71 20 36.0|110.4725|71.3433|1054.8208|1154.7916|R_Astrodon_2018|2458978.087314815|180.0|21.0836|2.5667|22.5809|2.5970
139|2020-05-08|14:09:08|S5_0716+71-20200508@140908-R_Astrodon_2018_calib.fits|S5_0716+71|07 21 53.40|+71 20 36.0|110.4725|71.3433|1056.7098|1155.2381|R_Astrodon_2018|2458978.089675926|180.0|21.0579|2.6937|22.3103|2.6255
140|2020-05-09|14:23:57|3C273-20200509@142353-R_Astrodon_2018_calib.fits|3C273|12 29 06.70|+02 03 09.0|187.2779|2.0525|1024.4647|1023.4901|R_Astrodon_2018|2458979.0999652776|180.0|21.1413|2.6357|62.7217|1.1291
141|2020-05-09|14:27:13|3C273-20200509@142712-R_Astrodon_2018_calib.fits|3C273|12 29 06.70|+02 03 09.0|187.2779|2.0525|1025.8680|1023.6204|R_Astrodon_2018|2458979.1022337964|180.0|21.1434|2.2810|62.2237|1.1345
142|2020-05-09|16:47:36|3C279-20200509@164732-R_Astrodon_2018_calib.fits|3C279|12 56 11.10|-05 47 22.0|194.0462|-5.7894|1025.4559|1025.6823|R_Astrodon_2018|2458979.199722222|180.0|21.1083|2.8009|35.8632|1.7280
143|2020-05-09|16:50:52|3C279-20200509@165051-R_Astrodon_2018_calib.fits|3C279|12 56 11.10|-05 47 22.0|194.0462|-5.7894|1028.2462|1026.5012|R_Astrodon_2018|2458979.201990741|180.0|21.1313|2.7186|35.1905|1.7573
144|2020-05-09|17:12:35|3C371-20200509@171231-R_Astrodon_2018_calib.fits|3C371|18 06 50.70|+69 49 28.0|271.7112|69.8244|1024.8217|1034.2366|R_Astrodon_2018|2458979.217071759|180.0|21.3533|2.6803|41.3914|1.5133
145|2020-05-09|17:15:51|3C371-20200509@171551-R_Astrodon_2018_calib.fits|3C371|18 06 50.70|+69 49 28.0|271.7112|69.8244|1025.6382|1036.2925|R_Astrodon_2018|2458979.219340278|180.0|21.3752|2.3613|41.5336|1.5093
146|2020-05-09|14:09:24|4C29-45-20200509@140919-R_Astrodon_2018_calib.fits|4C29-45|11 59 31.80|+29 14 44.0|179.8825|29.2456|957.6984|998.2746|R_Astrodon_2018|2458979.0898611112|180.0|21.4152|2.4392|70.1851|1.0657
147|2020-05-09|14:12:40|4C29-45-20200509@141240-R_Astrodon_2018_calib.fits|4C29-45|11 59 31.80|+29 14 44.0|179.8825|29.2456|958.7012|999.2240|R_Astrodon_2018|2458979.0921296296|180.0|21.4279|2.5464|69.4851|1.0707
148|2020-05-09|13:46:57|4C71-07-20200509@134653-R_Astrodon_2018_calib.fits|4C71-07|08 41 24.30|+70 53 42.0|130.3512|70.8950|1049.0163|1233.4801|R_Astrodon_2018|2458979.0742708333|180.0|21.2755|2.6585|30.1811|1.9853
149|2020-05-09|13:50:14|4C71-07-20200509@135014-R_Astrodon_2018_calib.fits|4C71-07|08 41 24.30|+70 53 42.0|130.3512|70.8950|1049.4391|1234.3992|R_Astrodon_2018|2458979.076550926|180.0|21.4732|2.5253|29.9213|2.0009
150|2020-05-09|17:03:34|DA406-20200509@170330-R_Astrodon_2018_calib.fits|DA406|16 13 41.00|+34 12 48.0|243.4208|34.2133|1020.6038|1024.6887|R_Astrodon_2018|2458979.2108101854|180.0|21.3454|2.0249|79.1940|1.0175
151|2020-05-09|17:06:51|DA406-20200509@170651-R_Astrodon_2018_calib.fits|DA406|16 13 41.00|+34 12 48.0|243.4208|34.2133|1020.4360|1022.9402|R_Astrodon_2018|2458979.2130902777|180.0|21.3513|1.9678|79.0941|1.0179
152|2020-05-09|16:55:26|KS1510-08-20200509@165522-R_Astrodon_2018_calib.fits|KS1510-08|15 12 50.50|-09 06 00.0|228.2104|-9.1000|1023.5914|1025.0632|R_Astrodon_2018|2458979.205162037|180.0|21.1715|1.9476|54.4836|1.2343
153|2020-05-09|16:58:41|KS1510-08-20200509@165841-R_Astrodon_2018_calib.fits|KS1510-08|15 12 50.50|-09 06 00.0|228.2104|-9.1000|1025.0439|1024.7547|R_Astrodon_2018|2458979.2074189815|180.0|21.1725|1.9859|54.1584|1.2396
154|2020-05-09|17:20:41|L-Lacertae-20200509@172037-R_Astrodon_2018_calib.fits|L-Lacertae|22 02 43.30|+42 16 40.0|330.6804|42.2778|1020.7510|1023.9165|R_Astrodon_2018|2458979.2226967593|180.0|21.2872|2.6569|21.4956|2.6505
155|2020-05-09|17:23:58|L-Lacertae-20200509@172357-R_Astrodon_2018_calib.fits|L-Lacertae|22 02 43.30|+42 16 40.0|330.6804|42.2778|1021.8476|1024.0649|R_Astrodon_2018|2458979.224976852|180.0|21.2968|2.4463|22.0902|2.5857
156|2020-05-09|14:02:03|Mkn421-20200509@140159-R_Astrodon_2018_calib.fits|Mkn421|11 04 27.30|+38 12 32.0|166.1137|38.2089|1022.3772|1023.8396|R_Astrodon_2018|2458979.0847569443|180.0|21.3804|3.4912|58.2108|1.1800
157|2020-05-09|14:05:20|Mkn421-20200509@140520-R_Astrodon_2018_calib.fits|Mkn421|11 04 27.30|+38 12 32.0|166.1137|38.2089|1023.3761|1025.3112|R_Astrodon_2018|2458979.087037037|180.0|21.3755|3.5064|57.5941|1.1882
158|2020-05-09|13:32:07|OJ248-20200509@133203-R_Astrodon_2018_calib.fits|OJ248|08 30 52.10|+24 11 00.0|127.7171|24.1833|1066.5224|961.9872|R_Astrodon_2018|2458979.0639699074|180.0|20.7386|3.1151|31.9925|1.9006
159|2020-05-09|13:35:23|OJ248-20200509@133523-R_Astrodon_2018_calib.fits|OJ248|08 30 52.10|+24 11 00.0|127.7171|24.1833|1067.9162|964.4608|R_Astrodon_2018|2458979.066238426|180.0|20.9391|2.5141|31.2665|1.9414
160|2020-05-09|13:38:56|OJ287-20200509@133856-R_Astrodon_2018_calib.fits|OJ287|08 54 48.90|+20 06 31.0|133.7037|20.1086|942.0842|418.0605|R_Astrodon_2018|2458979.0687037036|180.0|21.4677|2.5890|34.8240|1.7680
161|2020-05-09|13:42:32|OJ287-20200509@134232-R_Astrodon_2018_calib.fits|OJ287|08 54 48.90|+20 06 31.0|133.7037|20.1086|1137.4279|2160.2120|R_Astrodon_2018|2458979.0712037035|180.0|21.5161|2.7421|34.0064|1.8004
162|2020-05-09|13:08:27|OJ49-20200509@130824-R_Astrodon_2018_calib.fits|OJ49|08 31 48.90|+04 29 39.0|127.9537|4.4942|981.5465|995.5844|R_Astrodon_2018|2458979.0475347224|180.0|20.9529|2.9111|31.1933|1.9531
163|2020-05-09|13:11:44|OJ49-20200509@131144-R_Astrodon_2018_calib.fits|OJ49|08 31 48.90|+04 29 39.0|127.9537|4.4942|983.7771|997.1196|R_Astrodon_2018|2458979.0498148147|180.0|20.9287|2.8944|30.4479|1.9965
164|2020-05-09|14:16:14|ON231-20200509@141614-R_Astrodon_2018_calib.fits|ON231|12 21 31.70|+28 13 59.0|185.3821|28.2331|984.1947|1034.0415|R_Astrodon_2018|2458979.0946064815|180.0|21.2866|2.6510|73.6454|1.0444
165|2020-05-09|14:19:29|ON231-20200509@141928-R_Astrodon_2018_calib.fits|ON231|12 21 31.70|+28 13 59.0|185.3821|28.2331|984.8899|1034.1598|R_Astrodon_2018|2458979.096863426|180.0|21.2968|2.5831|72.9447|1.0483
166|2020-05-09|13:01:17|S0735+17-20200509@130114-R_Astrodon_2018_calib.fits|S0735+17|07 38 07.40|+17 42 19.0|114.5308|17.7053|1047.9186|1015.5326|R_Astrodon_2018|2458979.0425578705|180.0|21.3357|3.0004|25.3143|2.3677
167|2020-05-09|13:04:34|S0735+17-20200509@130434-R_Astrodon_2018_calib.fits|S0735+17|07 38 07.40|+17 42 19.0|114.5308|17.7053|1050.7415|1015.9646|R_Astrodon_2018|2458979.044837963|180.0|21.3419|2.8017|24.5695|2.4361
168|2020-05-09|13:53:57|S4_0954+65-20200509@135357-R_Astrodon_2018_calib.fits|S4_0954+65|09 58 47.20|+65 33 55.0|149.6967|65.5653|1085.5126|1339.4576|R_Astrodon_2018|2458979.0791319446|180.0|20.1455|2.9174|38.2354|1.6163
169|2020-05-09|13:57:32|S4_0954+65-20200509@135732-R_Astrodon_2018_calib.fits|S4_0954+65|09 58 47.20|+65 33 55.0|149.6967|65.5653|964.4748|514.1238|R_Astrodon_2018|2458979.0816203705|180.0|21.0654|2.2984|37.9139|1.6304
170|2020-05-09|13:16:08|S5_0716+71-20200509@131604-R_Astrodon_2018_calib.fits|S5_0716+71|07 21 53.40|+71 20 36.0|110.4725|71.3433|1075.5388|1115.1987|R_Astrodon_2018|2458979.0528703704|180.0|21.3686|2.8173|26.2368|2.2558
171|2020-05-09|13:19:24|S5_0716+71-20200509@131924-R_Astrodon_2018_calib.fits|S5_0716+71|07 21 53.40|+71 20 36.0|110.4725|71.3433|1076.1863|1117.0576|R_Astrodon_2018|2458979.055138889|180.0|21.3271|2.4933|25.9753|2.2772
172|2020-05-10|17:16:57|3C273-20200510@171653-R_Astrodon_2018_calib.fits|3C273|12 29 06.70|+02 03 09.0|187.2779|2.0525|1022.7921|1024.5441|R_Astrodon_2018|2458980.220104167|180.0|20.9421|2.7818|26.5809|2.2663
173|2020-05-10|17:20:12|3C273-20200510@172012-R_Astrodon_2018_calib.fits|3C273|12 29 06.70|+02 03 09.0|187.2779|2.0525|1025.4405|1024.9383|R_Astrodon_2018|2458980.222361111|180.0|20.9144|3.0730|25.8445|2.3278
174|2020-05-10|17:24:31|3C279-20200510@172427-R_Astrodon_2018_calib.fits|3C279|12 56 11.10|-05 47 22.0|194.0462|-5.7894|1024.0433|1022.9254|R_Astrodon_2018|2458980.2253587963|180.0|21.0210|3.0564|27.2474|2.2131
175|2020-05-10|17:27:47|3C279-20200510@172747-R_Astrodon_2018_calib.fits|3C279|12 56 11.10|-05 47 22.0|194.0462|-5.7894|1026.3064|1023.2819|R_Astrodon_2018|2458980.2276273146|180.0|21.0368|3.0231|26.5420|2.2686
176|2020-05-10|17:02:09|4C29-45-20200510@170205-R_Astrodon_2018_calib.fits|4C29-45|11 59 31.80|+29 14 44.0|179.8825|29.2456|1023.8272|1023.5768|R_Astrodon_2018|2458980.209826389|180.0|21.2287|2.8654|31.7806|1.9177
177|2020-05-10|17:05:24|4C29-45-20200510@170524-R_Astrodon_2018_calib.fits|4C29-45|11 59 31.80|+29 14 44.0|179.8825|29.2456|1024.9895|1025.4632|R_Astrodon_2018|2458980.212083333|180.0|21.2250|2.8958|31.0830|1.9572
178|2020-05-10|17:32:02|KS1510-08-20200510@173157-R_Astrodon_2018_calib.fits|KS1510-08|15 12 50.50|-09 06 00.0|228.2104|-9.1000|1158.3444|1012.8848|R_Astrodon_2018|2458980.230578704|180.0|21.1136|2.4650|49.4841|1.3214
179|2020-05-10|17:35:17|KS1510-08-20200510@173517-R_Astrodon_2018_calib.fits|KS1510-08|15 12 50.50|-09 06 00.0|228.2104|-9.1000|1159.9144|1013.7665|R_Astrodon_2018|2458980.232835648|180.0|21.0873|2.5259|49.0054|1.3313
180|2020-05-10|16:54:32|Mkn421-20200510@165428-R_Astrodon_2018_calib.fits|Mkn421|11 04 27.30|+38 12 32.0|166.1137|38.2089|1023.5800|1022.0832|R_Astrodon_2018|2458980.204537037|180.0|21.0224|4.1602|23.8441|2.4988
181|2020-05-10|16:57:47|Mkn421-20200510@165747-R_Astrodon_2018_calib.fits|Mkn421|11 04 27.30|+38 12 32.0|166.1137|38.2089|1025.4156|1023.7715|R_Astrodon_2018|2458980.2067939816|180.0|21.1050|4.0085|23.2182|2.5636
182|2020-05-10|17:08:56|ON231-20200510@170855-R_Astrodon_2018_calib.fits|ON231|12 21 31.70|+28 13 59.0|185.3821|28.2331|1431.3705|993.2130|R_Astrodon_2018|2458980.214537037|180.0|21.1616|2.9621|34.8698|1.7660
183|2020-05-10|17:12:29|ON231-20200510@171228-R_Astrodon_2018_calib.fits|ON231|12 21 31.70|+28 13 59.0|185.3821|28.2331|1010.4401|1029.9531|R_Astrodon_2018|2458980.217002315|180.0|21.1883|2.7893|34.0985|1.8010
184|2020-05-10|16:46:27|S4_0954+65-20200510@164627-R_Astrodon_2018_calib.fits|S4_0954+65|09 58 47.20|+65 33 55.0|149.6967|65.5653|1711.1069|1015.3238|R_Astrodon_2018|2458980.198923611|180.0|20.5793|3.1912|20.5542|2.8498
185|2020-05-10|16:50:01|S4_0954+65-20200510@165001-R_Astrodon_2018_calib.fits|S4_0954+65|09 58 47.20|+65 33 55.0|149.6967|65.5653|964.0157|1037.7803|R_Astrodon_2018|2458980.201400463|180.0|20.5545|3.4386|20.1926|2.8954
186|2020-05-11|13:18:32|3C345-20200511@131828-R_Astrodon_2018_calib.fits|3C345|16 42 58.80|+39 48 37.0|250.7450|39.8103|1022.3532|1024.4194|R_Astrodon_2018|2458981.054537037|180.0|20.4492|2.5959|37.0482|1.6380
187|2020-05-11|13:21:48|3C345-20200511@132147-R_Astrodon_2018_calib.fits|3C345|16 42 58.80|+39 48 37.0|250.7450|39.8103|1022.9005|1024.0808|R_Astrodon_2018|2458981.0568055557|180.0|20.4018|2.6847|37.6772|1.6151
188|2020-05-11|16:07:22|4C29-45-20200511@160717-R_Astrodon_2018_calib.fits|4C29-45|11 59 31.80|+29 14 44.0|179.8825|29.2456|1187.4781|921.7104|R_Astrodon_2018|2458981.1717824074|180.0|21.2829|2.1713|42.7785|1.4835
189|2020-05-11|16:10:37|4C29-45-20200511@161037-R_Astrodon_2018_calib.fits|4C29-45|11 59 31.80|+29 14 44.0|179.8825|29.2456|1188.5793|923.9673|R_Astrodon_2018|2458981.1740393518|180.0|21.2433|2.1027|42.0716|1.5042
190|2020-05-11|13:10:39|4C38-41-20200511@131038-R_Astrodon_2018_calib.fits|4C38-41|16 35 15.50|+38 08 04.0|248.8146|38.1344|439.2858|968.9668|R_Astrodon_2018|2458981.0490625|180.0|20.6783|2.6982|36.9595|1.6421
191|2020-05-11|13:14:15|4C38-41-20200511@131415-R_Astrodon_2018_calib.fits|4C38-41|16 35 15.50|+38 08 04.0|248.8146|38.1344|991.7743|1047.8169|R_Astrodon_2018|2458981.0515625|180.0|20.7797|2.6597|37.6689|1.6150
192|2020-05-11|12:55:33|4C71-07-20200511@125529-R_Astrodon_2018_calib.fits|4C71-07|08 41 24.30|+70 53 42.0|130.3512|70.8950|1021.8268|1023.1744|R_Astrodon_2018|2458981.0385763887|180.0|21.0936|2.6397|33.5047|1.8100
193|2020-05-11|12:58:51|4C71-07-20200511@125850-R_Astrodon_2018_calib.fits|4C71-07|08 41 24.30|+70 53 42.0|130.3512|70.8950|1021.2677|1023.3926|R_Astrodon_2018|2458981.0408680555|180.0|20.9948|2.6167|33.2623|1.8218
194|2020-05-11|13:03:50|DA406-20200511@130346-R_Astrodon_2018_calib.fits|DA406|16 13 41.00|+34 12 48.0|243.4208|34.2133|1021.8389|1024.2302|R_Astrodon_2018|2458981.0443287035|180.0|20.8707|3.0805|39.7289|1.5455
195|2020-05-11|13:07:05|DA406-20200511@130705-R_Astrodon_2018_calib.fits|DA406|16 13 41.00|+34 12 48.0|243.4208|34.2133|1022.0222|1023.2719|R_Astrodon_2018|2458981.0465856483|180.0|20.8593|2.5785|40.4015|1.5243
196|2020-05-11|16:00:02|Mkn421-20200511@155958-R_Astrodon_2018_calib.fits|Mkn421|11 04 27.30|+38 12 32.0|166.1137|38.2089|1022.6388|1023.5674|R_Astrodon_2018|2458981.166689815|180.0|21.1863|3.0949|33.6919|1.8164
197|2020-05-11|16:03:17|Mkn421-20200511@160317-R_Astrodon_2018_calib.fits|Mkn421|11 04 27.30|+38 12 32.0|166.1137|38.2089|1023.8674|1025.7862|R_Astrodon_2018|2458981.1689467593|180.0|21.1936|3.1500|33.0542|1.8482
198|2020-05-11|13:25:20|Mkn501-20200511@132520-R_Astrodon_2018_calib.fits|Mkn501|16 53 52.20|+39 45 37.0|253.4675|39.7603|430.7031|969.6134|R_Astrodon_2018|2458981.059259259|180.0|20.8160|2.7073|36.2650|1.6687
199|2020-05-11|13:28:55|Mkn501-20200511@132854-R_Astrodon_2018_calib.fits|Mkn501|16 53 52.20|+39 45 37.0|253.4675|39.7603|992.1912|1048.1291|R_Astrodon_2018|2458981.061747685|180.0|20.7942|2.6300|36.9553|1.6416
200|2020-05-11|12:40:44|OJ248-20200511@124040-R_Astrodon_2018_calib.fits|OJ248|08 30 52.10|+24 11 00.0|127.7171|24.1833|1023.1021|1024.4758|R_Astrodon_2018|2458981.028287037|180.0|20.8175|2.9630|41.7236|1.5131
201|2020-05-11|12:44:00|OJ248-20200511@124400-R_Astrodon_2018_calib.fits|OJ248|08 30 52.10|+24 11 00.0|127.7171|24.1833|1024.6695|1026.6458|R_Astrodon_2018|2458981.0305555556|180.0|20.7614|2.7147|40.9896|1.5356
202|2020-05-11|12:47:32|OJ287-20200511@124732-R_Astrodon_2018_calib.fits|OJ287|08 54 48.90|+20 06 31.0|133.7037|20.1086|1221.8698|926.7414|R_Astrodon_2018|2458981.033009259|180.0|21.3505|2.7335|44.7537|1.4305
203|2020-05-11|12:50:47|OJ287-20200511@125047-R_Astrodon_2018_calib.fits|OJ287|08 54 48.90|+20 06 31.0|133.7037|20.1086|1223.3641|929.1007|R_Astrodon_2018|2458981.035266204|180.0|21.3036|2.5788|44.0101|1.4502
204|2020-05-11|12:24:37|OJ49-20200511@122433-R_Astrodon_2018_calib.fits|OJ49|08 31 48.90|+04 29 39.0|127.9537|4.4942|1225.3890|998.9070|R_Astrodon_2018|2458981.0170949074|180.0|21.0075|2.8386|39.2900|1.5934
205|2020-05-11|12:27:53|OJ49-20200511@122753-R_Astrodon_2018_calib.fits|OJ49|08 31 48.90|+04 29 39.0|127.9537|4.4942|1226.9019|1001.1633|R_Astrodon_2018|2458981.019363426|180.0|21.0034|2.6347|38.5609|1.6193
206|2020-05-11|16:14:08|ON231-20200511@161408-R_Astrodon_2018_calib.fits|ON231|12 21 31.70|+28 13 59.0|185.3821|28.2331|1158.8058|911.6656|R_Astrodon_2018|2458981.1764814816|180.0|21.1104|2.2411|45.9966|1.4000
207|2020-05-11|16:17:24|ON231-20200511@161723-R_Astrodon_2018_calib.fits|ON231|12 21 31.70|+28 13 59.0|185.3821|28.2331|1159.8460|913.5190|R_Astrodon_2018|2458981.17875|180.0|20.7936|2.3005|45.2786|1.4177
208|2020-05-11|12:17:15|S0735+17-20200511@121711-R_Astrodon_2018_calib.fits|S0735+17|07 38 07.40|+17 42 19.0|114.5308|17.7053|1022.5566|1024.5914|R_Astrodon_2018|2458981.011979167|180.0|21.4434|3.0199|33.5535|1.8261
209|2020-05-11|12:20:32|S0735+17-20200511@122031-R_Astrodon_2018_calib.fits|S0735+17|07 38 07.40|+17 42 19.0|114.5308|17.7053|1024.1955|1027.2040|R_Astrodon_2018|2458981.014259259|180.0|21.3934|3.1036|32.8033|1.8637
210|2020-05-11|15:52:13|S4_0954+65-20200511@155209-R_Astrodon_2018_calib.fits|S4_0954+65|09 58 47.20|+65 33 55.0|149.6967|65.5653|1022.1754|1021.8976|R_Astrodon_2018|2458981.161261574|180.0|20.7725|2.5596|25.7323|2.3051
211|2020-05-11|15:55:29|S4_0954+65-20200511@155529-R_Astrodon_2018_calib.fits|S4_0954+65|09 58 47.20|+65 33 55.0|149.6967|65.5653|1023.3491|1022.5459|R_Astrodon_2018|2458981.1635300927|180.0|20.7680|2.5556|25.3936|2.3339
212|2020-05-11|12:32:46|S5_0716+71-20200511@123242-R_Astrodon_2018_calib.fits|S5_0716+71|07 21 53.40|+71 20 36.0|110.4725|71.3433|1021.7206|1022.6318|R_Astrodon_2018|2458981.0227546296|180.0|21.1531|3.0903|29.0505|2.0560
213|2020-05-11|12:36:01|S5_0716+71-20200511@123601-R_Astrodon_2018_calib.fits|S5_0716+71|07 21 53.40|+71 20 36.0|110.4725|71.3433|1021.7535|1023.5751|R_Astrodon_2018|2458981.025011574|180.0|21.2321|3.0493|28.7959|2.0726
214|2020-05-12|15:44:10|3C273-20200512@154406-R_Astrodon_2018_calib.fits|3C273|12 29 06.70|+02 03 09.0|187.2779|2.0525|1022.8084|1024.3782|R_Astrodon_2018|2458982.155671296|180.0|21.0154|2.2046|45.3332|1.4190
215|2020-05-12|15:47:25|3C273-20200512@154725-R_Astrodon_2018_calib.fits|3C273|12 29 06.70|+02 03 09.0|187.2779|2.0525|1024.2935|1025.5394|R_Astrodon_2018|2458982.157928241|180.0|21.0061|2.2379|44.6415|1.4367
216|2020-05-12|15:51:47|3C279-20200512@155143-R_Astrodon_2018_calib.fits|3C279|12 56 11.10|-05 47 22.0|194.0462|-5.7894|1022.4488|1023.9832|R_Astrodon_2018|2458982.160960648|180.0|21.1148|2.3165|44.5379|1.4388
217|2020-05-12|15:55:02|3C279-20200512@155502-R_Astrodon_2018_calib.fits|3C279|12 56 11.10|-05 47 22.0|194.0462|-5.7894|1024.0132|1024.4430|R_Astrodon_2018|2458982.1632175925|180.0|21.1151|2.4036|43.9271|1.4551
218|2020-05-12|16:24:28|3C345-20200512@162424-R_Astrodon_2018_calib.fits|3C345|16 42 58.80|+39 48 37.0|250.7450|39.8103|1021.0012|1028.1474|R_Astrodon_2018|2458982.1836574073|180.0|20.8329|2.2194|70.3807|1.0605
219|2020-05-12|16:27:43|3C345-20200512@162743-R_Astrodon_2018_calib.fits|3C345|16 42 58.80|+39 48 37.0|250.7450|39.8103|1020.4482|1030.5041|R_Astrodon_2018|2458982.185914352|180.0|20.8430|2.0086|70.7525|1.0581
220|2020-05-12|15:29:21|4C29-45-20200512@152917-R_Astrodon_2018_calib.fits|4C29-45|11 59 31.80|+29 14 44.0|179.8825|29.2456|1022.0158|1023.8716|R_Astrodon_2018|2458982.1453819443|180.0|21.3095|2.2379|50.2128|1.3091
221|2020-05-12|15:32:37|4C29-45-20200512@153237-R_Astrodon_2018_calib.fits|4C29-45|11 59 31.80|+29 14 44.0|179.8825|29.2456|1022.3425|1025.2815|R_Astrodon_2018|2458982.147650463|180.0|21.3226|2.2987|49.4990|1.3233
222|2020-05-12|16:16:23|4C38-41-20200512@161623-R_Astrodon_2018_calib.fits|4C38-41|16 35 15.50|+38 08 04.0|248.8146|38.1344|94.1408|1022.4919|R_Astrodon_2018|2458982.1780439815|180.0|21.0847|2.3884|71.6352|1.0515
223|2020-05-12|16:20:06|4C38-41-20200512@162006-R_Astrodon_2018_calib.fits|4C38-41|16 35 15.50|+38 08 04.0|248.8146|38.1344|1022.8669|1031.7765|R_Astrodon_2018|2458982.180625|180.0|21.1020|2.2135|72.1021|1.0498
224|2020-05-12|13:06:04|4C71-07-20200512@130600-R_Astrodon_2018_calib.fits|4C71-07|08 41 24.30|+70 53 42.0|130.3512|70.8950|1021.2105|1022.3959|R_Astrodon_2018|2458982.0458796294|180.0|21.3916|2.6505|32.4304|1.8630
225|2020-05-12|13:09:21|4C71-07-20200512@130921-R_Astrodon_2018_calib.fits|4C71-07|08 41 24.30|+70 53 42.0|130.3512|70.8950|1021.4677|1022.7901|R_Astrodon_2018|2458982.0481597222|180.0|21.3637|2.6927|32.1819|1.8760
226|2020-05-12|16:08:52|DA406-20200512@160848-R_Astrodon_2018_calib.fits|DA406|16 13 41.00|+34 12 48.0|243.4208|34.2133|1021.2265|1029.7258|R_Astrodon_2018|2458982.172824074|180.0|21.2157|2.5613|76.4571|1.0277
227|2020-05-12|16:12:09|DA406-20200512@161208-R_Astrodon_2018_calib.fits|DA406|16 13 41.00|+34 12 48.0|243.4208|34.2133|1020.2553|1032.3975|R_Astrodon_2018|2458982.175104167|180.0|21.2490|2.3502|76.8821|1.0260
228|2020-05-12|15:59:38|KS1510-08-20200512@155934-R_Astrodon_2018_calib.fits|KS1510-08|15 12 50.50|-09 06 00.0|228.2104|-9.1000|1024.4153|1022.4309|R_Astrodon_2018|2458982.166412037|180.0|21.0645|2.1758|57.2565|1.1925
229|2020-05-12|16:02:54|KS1510-08-20200512@160254-R_Astrodon_2018_calib.fits|KS1510-08|15 12 50.50|-09 06 00.0|228.2104|-9.1000|1026.0175|1021.6485|R_Astrodon_2018|2458982.1686805557|180.0|21.0642|2.1344|57.1642|1.1939
230|2020-05-12|13:20:30|Mkn421-20200512@132026-R_Astrodon_2018_calib.fits|Mkn421|11 04 27.30|+38 12 32.0|166.1137|38.2089|1128.4125|916.3365|R_Astrodon_2018|2458982.0559027777|180.0|21.3251|2.7043|63.6381|1.1188
231|2020-05-12|13:23:45|Mkn421-20200512@132345-R_Astrodon_2018_calib.fits|Mkn421|11 04 27.30|+38 12 32.0|166.1137|38.2089|1129.8920|916.9993|R_Astrodon_2018|2458982.058159722|180.0|21.3322|2.7062|63.0628|1.1245
232|2020-05-12|16:31:23|Mkn501-20200512@163123-R_Astrodon_2018_calib.fits|Mkn501|16 53 52.20|+39 45 37.0|253.4675|39.7603|93.0159|1023.7098|R_Astrodon_2018|2458982.188460648|180.0|21.3542|2.0539|69.9456|1.0622
233|2020-05-12|16:34:55|Mkn501-20200512@163455-R_Astrodon_2018_calib.fits|Mkn501|16 53 52.20|+39 45 37.0|253.4675|39.7603|953.2503|1070.3101|R_Astrodon_2018|2458982.190914352|180.0|21.3062|2.1777|70.3721|1.0605
234|2020-05-12|12:51:14|OJ248-20200512@125110-R_Astrodon_2018_calib.fits|OJ248|08 30 52.10|+24 11 00.0|127.7171|24.1833|1022.8126|1023.8137|R_Astrodon_2018|2458982.0355787035|180.0|20.9324|3.1477|38.4850|1.6193
235|2020-05-12|12:54:31|OJ248-20200512@125430-R_Astrodon_2018_calib.fits|OJ248|08 30 52.10|+24 11 00.0|127.7171|24.1833|1024.2032|1025.3920|R_Astrodon_2018|2458982.0378587963|180.0|20.9527|2.8821|37.7498|1.6465
236|2020-05-12|12:58:04|OJ287-20200512@125804-R_Astrodon_2018_calib.fits|OJ287|08 54 48.90|+20 06 31.0|133.7037|20.1086|1233.2478|943.6623|R_Astrodon_2018|2458982.040324074|180.0|21.4824|3.0393|41.4466|1.5227
237|2020-05-12|13:01:19|OJ287-20200512@130118-R_Astrodon_2018_calib.fits|OJ287|08 54 48.90|+20 06 31.0|133.7037|20.1086|1234.5796|946.1162|R_Astrodon_2018|2458982.0425810185|180.0|21.4938|2.6252|40.7046|1.5461
238|2020-05-12|12:35:05|OJ49-20200512@123500-R_Astrodon_2018_calib.fits|OJ49|08 31 48.90|+04 29 39.0|127.9537|4.4942|1229.5242|1029.7085|R_Astrodon_2018|2458982.024363426|180.0|20.9296|2.6786|36.0661|1.7155
239|2020-05-12|12:38:21|OJ49-20200512@123820-R_Astrodon_2018_calib.fits|OJ49|08 31 48.90|+04 29 39.0|127.9537|4.4942|1231.4927|1030.8561|R_Astrodon_2018|2458982.0266319443|180.0|20.9053|3.0302|35.3311|1.7471
240|2020-05-12|15:36:09|ON231-20200512@153609-R_Astrodon_2018_calib.fits|ON231|12 21 31.70|+28 13 59.0|185.3821|28.2331|291.0659|1011.0735|R_Astrodon_2018|2458982.1501041665|180.0|21.2090|2.2956|53.5002|1.2508
241|2020-05-12|15:39:41|ON231-20200512@153941-R_Astrodon_2018_calib.fits|ON231|12 21 31.70|+28 13 59.0|185.3821|28.2331|1018.5718|1028.5415|R_Astrodon_2018|2458982.1525578704|180.0|21.1765|2.5030|52.7203|1.2639
242|2020-05-12|12:27:43|S0735+17-20200512@122739-R_Astrodon_2018_calib.fits|S0735+17|07 38 07.40|+17 42 19.0|114.5308|17.7053|1022.6661|1024.5861|R_Astrodon_2018|2458982.019247685|180.0|21.3098|2.7493|30.2667|2.0045
243|2020-05-12|12:30:59|S0735+17-20200512@123059-R_Astrodon_2018_calib.fits|S0735+17|07 38 07.40|+17 42 19.0|114.5308|17.7053|1024.0418|1026.1977|R_Astrodon_2018|2458982.021516204|180.0|21.2990|3.0819|29.5222|2.0514
244|2020-05-12|13:13:02|S4_0954+65-20200512@131301-R_Astrodon_2018_calib.fits|S4_0954+65|09 58 47.20|+65 33 55.0|149.6967|65.5653|1218.3921|934.4022|R_Astrodon_2018|2458982.0507175927|180.0|20.8782|2.5577|40.7203|1.5328
245|2020-05-12|13:16:17|S4_0954+65-20200512@131617-R_Astrodon_2018_calib.fits|S4_0954+65|09 58 47.20|+65 33 55.0|149.6967|65.5653|1218.5356|935.0160|R_Astrodon_2018|2458982.052974537|180.0|20.8964|2.3837|40.4553|1.5413
246|2020-05-12|12:43:15|S5_0716+71-20200512@124311-R_Astrodon_2018_calib.fits|S5_0716+71|07 21 53.40|+71 20 36.0|110.4725|71.3433|1022.2683|1023.0138|R_Astrodon_2018|2458982.0300347223|180.0|21.3334|2.9985|27.9159|2.1319
247|2020-05-12|12:46:32|S5_0716+71-20200512@124631-R_Astrodon_2018_calib.fits|S5_0716+71|07 21 53.40|+71 20 36.0|110.4725|71.3433|1022.2525|1023.2936|R_Astrodon_2018|2458982.0323148146|180.0|21.3210|3.1723|27.6557|2.1502
248|2020-05-13|17:26:17|3C273-20200513@172613-R_Astrodon_2018_calib.fits|3C273|12 29 06.70|+02 03 09.0|187.2779|2.0525|1025.2787|1022.5447|R_Astrodon_2018|2458983.226585648|180.0|20.9158|2.7990|21.7794|2.7377
249|2020-05-13|17:29:32|3C273-20200513@172932-R_Astrodon_2018_calib.fits|3C273|12 29 06.70|+02 03 09.0|187.2779|2.0525|1027.6030|1022.0509|R_Astrodon_2018|2458983.228842593|180.0|20.8732|2.9486|21.0383|2.8319
250|2020-05-13|17:33:52|3C279-20200513@173348-R_Astrodon_2018_calib.fits|3C279|12 56 11.10|-05 47 22.0|194.0462|-5.7894|1023.5929|1022.8805|R_Astrodon_2018|2458983.231851852|180.0|21.0090|2.9943|22.6470|2.6352
251|2020-05-13|17:37:07|3C279-20200513@173707-R_Astrodon_2018_calib.fits|3C279|12 56 11.10|-05 47 22.0|194.0462|-5.7894|1025.8744|1023.1963|R_Astrodon_2018|2458983.2341087963|180.0|21.0012|2.8541|21.9334|2.7187
252|2020-05-13|17:58:22|3C371-20200513@175818-R_Astrodon_2018_calib.fits|3C371|18 06 50.70|+69 49 28.0|271.7112|69.8244|1023.4034|1026.1254|R_Astrodon_2018|2458983.248865741|180.0|21.3640|2.5815|43.3162|1.4571
253|2020-05-13|18:01:38|3C371-20200513@180137-R_Astrodon_2018_calib.fits|3C371|18 06 50.70|+69 49 28.0|271.7112|69.8244|1023.5959|1028.5389|R_Astrodon_2018|2458983.251134259|180.0|21.3639|2.7180|43.3712|1.4557
254|2020-05-13|18:42:01|3C371-20200513@184157-R_Astrodon_2018_calib.fits|3C371|18 06 50.70|+69 49 28.0|271.7112|69.8244|1022.5565|1024.9061|R_Astrodon_2018|2458983.279178241|180.0|21.3873|2.6305|43.6338|1.4434
255|2020-05-13|18:45:18|3C371-20200513@184517-R_Astrodon_2018_calib.fits|3C371|18 06 50.70|+69 49 28.0|271.7112|69.8244|1022.1066|1022.8288|R_Astrodon_2018|2458983.281458333|180.0|21.3971|2.5541|43.6209|1.4439
256|2020-05-13|19:24:55|3C371-20200513@192451-R_Astrodon_2018_calib.fits|3C371|18 06 50.70|+69 49 28.0|271.7112|69.8244|1021.9270|1024.0125|R_Astrodon_2018|2458983.3089699075|180.0|21.4035|2.6861|43.0625|1.4612
257|2020-05-13|19:28:12|3C371-20200513@192811-R_Astrodon_2018_calib.fits|3C371|18 06 50.70|+69 49 28.0|271.7112|69.8244|1021.7146|1022.5618|R_Astrodon_2018|2458983.31125|180.0|21.3884|2.5385|42.9835|1.4635
258|2020-05-13|17:11:23|4C29-45-20200513@171119-R_Astrodon_2018_calib.fits|4C29-45|11 59 31.80|+29 14 44.0|179.8825|29.2456|1023.6237|1021.9034|R_Astrodon_2018|2458983.216238426|180.0|21.2452|2.7623|27.2812|2.2066
259|2020-05-13|17:14:39|4C29-45-20200513@171438-R_Astrodon_2018_calib.fits|4C29-45|11 59 31.80|+29 14 44.0|179.8825|29.2456|1025.6082|1023.2427|R_Astrodon_2018|2458983.2185069444|180.0|21.2586|2.6339|26.5854|2.2609
260|2020-05-13|17:50:42|4C51-37-20200513@175038-R_Astrodon_2018_calib.fits|4C51-37|17 40 37.00|+52 11 43.0|265.1542|52.1953|1024.1713|1027.7393|R_Astrodon_2018|2458983.243541667|180.0|21.4993|3.0977|61.0526|1.1427
261|2020-05-13|17:53:58|4C51-37-20200513@175358-R_Astrodon_2018_calib.fits|4C51-37|17 40 37.00|+52 11 43.0|265.1542|52.1953|1024.4587|1030.5659|R_Astrodon_2018|2458983.245810185|180.0|21.5057|2.9277|61.1231|1.1420
262|2020-05-13|18:34:18|4C51-37-20200513@183414-R_Astrodon_2018_calib.fits|4C51-37|17 40 37.00|+52 11 43.0|265.1542|52.1953|1020.4072|1025.8757|R_Astrodon_2018|2458983.2738194442|180.0|21.5364|2.7592|60.8749|1.1434
263|2020-05-13|18:37:34|4C51-37-20200513@183734-R_Astrodon_2018_calib.fits|4C51-37|17 40 37.00|+52 11 43.0|265.1542|52.1953|1019.4649|1024.7220|R_Astrodon_2018|2458983.276087963|180.0|21.5305|2.6805|60.7651|1.1448
264|2020-05-13|19:17:14|4C51-37-20200513@191710-R_Astrodon_2018_calib.fits|4C51-37|17 40 37.00|+52 11 43.0|265.1542|52.1953|1021.5296|1026.6246|R_Astrodon_2018|2458983.3036342594|180.0|21.5389|2.5715|58.4583|1.1737
265|2020-05-13|19:20:30|4C51-37-20200513@192030-R_Astrodon_2018_calib.fits|4C51-37|17 40 37.00|+52 11 43.0|265.1542|52.1953|1021.6537|1026.5945|R_Astrodon_2018|2458983.3059027777|180.0|21.5339|2.5408|58.1955|1.1772
266|2020-05-13|17:41:25|KS1510-08-20200513@174120-R_Astrodon_2018_calib.fits|KS1510-08|15 12 50.50|-09 06 00.0|228.2104|-9.1000|1184.2364|993.0841|R_Astrodon_2018|2458983.2370949076|180.0|21.1621|2.5558|46.1986|1.3932
267|2020-05-13|17:44:41|KS1510-08-20200513@174440-R_Astrodon_2018_calib.fits|KS1510-08|15 12 50.50|-09 06 00.0|228.2104|-9.1000|1186.3096|993.6697|R_Astrodon_2018|2458983.239363426|180.0|21.1496|2.4509|45.6595|1.4063
268|2020-05-13|18:25:41|KS1510-08-20200513@182537-R_Astrodon_2018_calib.fits|KS1510-08|15 12 50.50|-09 06 00.0|228.2104|-9.1000|1025.0905|1024.6570|R_Astrodon_2018|2458983.2678356483|180.0|21.1364|2.4710|38.3177|1.6301
269|2020-05-13|18:28:58|KS1510-08-20200513@182857-R_Astrodon_2018_calib.fits|KS1510-08|15 12 50.50|-09 06 00.0|228.2104|-9.1000|1027.0782|1025.4284|R_Astrodon_2018|2458983.2701157406|180.0|21.1334|2.3140|37.6913|1.6537
270|2020-05-13|19:08:53|KS1510-08-20200513@190849-R_Astrodon_2018_calib.fits|KS1510-08|15 12 50.50|-09 06 00.0|228.2104|-9.1000|1023.6554|1024.6181|R_Astrodon_2018|2458983.297835648|180.0|21.0794|2.5546|29.7417|2.0444
271|2020-05-13|19:12:10|KS1510-08-20200513@191209-R_Astrodon_2018_calib.fits|KS1510-08|15 12 50.50|-09 06 00.0|228.2104|-9.1000|1026.3089|1025.3084|R_Astrodon_2018|2458983.300115741|180.0|21.0755|2.4142|29.0647|2.0889
272|2020-05-13|17:18:12|ON231-20200513@171812-R_Astrodon_2018_calib.fits|ON231|12 21 31.70|+28 13 59.0|185.3821|28.2331|1393.3043|1015.1190|R_Astrodon_2018|2458983.2209722223|180.0|21.1642|2.6615|30.3059|2.0036
273|2020-05-13|17:21:45|ON231-20200513@172145-R_Astrodon_2018_calib.fits|ON231|12 21 31.70|+28 13 59.0|185.3821|28.2331|1026.5159|1026.6075|R_Astrodon_2018|2458983.2234375|180.0|21.1838|2.6190|29.5398|2.0510
274|2020-05-14|16:45:54|3C273-20200514@164550-R_Astrodon_2018_calib.fits|3C273|12 29 06.70|+02 03 09.0|187.2779|2.0525|1023.6613|1024.5472|R_Astrodon_2018|2458984.198541667|180.0|21.1054|2.2078|30.0402|2.0248
275|2020-05-14|16:49:11|3C273-20200514@164910-R_Astrodon_2018_calib.fits|3C273|12 29 06.70|+02 03 09.0|187.2779|2.0525|1025.5035|1025.8090|R_Astrodon_2018|2458984.200821759|180.0|21.0842|2.1828|29.3008|2.0720
276|2020-05-14|16:53:29|3C279-20200514@165325-R_Astrodon_2018_calib.fits|3C279|12 56 11.10|-05 47 22.0|194.0462|-5.7894|1024.3446|1024.2566|R_Astrodon_2018|2458984.2038078704|180.0|21.2435|2.2825|30.5235|1.9945
277|2020-05-14|16:56:44|3C279-20200514@165644-R_Astrodon_2018_calib.fits|3C279|12 56 11.10|-05 47 22.0|194.0462|-5.7894|1026.4961|1025.2281|R_Astrodon_2018|2458984.2060648147|180.0|21.2149|2.1649|29.8322|2.0376
278|2020-05-14|17:24:03|3C345-20200514@172359-R_Astrodon_2018_calib.fits|3C345|16 42 58.80|+39 48 37.0|250.7450|39.8103|1021.1451|1022.0219|R_Astrodon_2018|2458984.225034722|180.0|20.9622|2.1313|73.3030|1.0440
279|2020-05-14|17:27:19|3C345-20200514@172718-R_Astrodon_2018_calib.fits|3C345|16 42 58.80|+39 48 37.0|250.7450|39.8103|1021.4860|1020.5458|R_Astrodon_2018|2458984.227303241|180.0|20.9633|2.1889|73.1474|1.0450
280|2020-05-14|19:30:35|3C371-20200514@193031-R_Astrodon_2018_calib.fits|3C371|18 06 50.70|+69 49 28.0|271.7112|69.8244|1019.5695|1028.7145|R_Astrodon_2018|2458984.3129050927|180.0|21.3993|2.1398|42.8179|1.4651
281|2020-05-14|19:33:52|3C371-20200514@193351-R_Astrodon_2018_calib.fits|3C371|18 06 50.70|+69 49 28.0|271.7112|69.8244|1018.7398|1027.3288|R_Astrodon_2018|2458984.315185185|180.0|21.3943|2.1474|42.7248|1.4678
282|2020-05-14|16:31:01|4C29-45-20200514@163057-R_Astrodon_2018_calib.fits|4C29-45|11 59 31.80|+29 14 44.0|179.8825|29.2456|1023.2482|1025.3070|R_Astrodon_2018|2458984.1882060184|180.0|21.3794|2.3776|35.0969|1.7558
283|2020-05-14|16:34:17|4C29-45-20200514@163416-R_Astrodon_2018_calib.fits|4C29-45|11 59 31.80|+29 14 44.0|179.8825|29.2456|1024.3875|1027.5855|R_Astrodon_2018|2458984.190474537|180.0|21.3804|2.3713|34.3924|1.7879
284|2020-05-14|17:16:04|4C38-41-20200514@171604-R_Astrodon_2018_calib.fits|4C38-41|16 35 15.50|+38 08 04.0|248.8146|38.1344|733.1291|1000.5535|R_Astrodon_2018|2458984.219490741|180.0|21.2615|2.1561|74.9448|1.0359
285|2020-05-14|17:19:48|4C38-41-20200514@171948-R_Astrodon_2018_calib.fits|4C38-41|16 35 15.50|+38 08 04.0|248.8146|38.1344|1024.2298|1023.5009|R_Astrodon_2018|2458984.2220833334|180.0|21.2465|2.1199|74.7443|1.0367
286|2020-05-14|14:54:08|4C51-37-20200514@145404-R_Astrodon_2018_calib.fits|4C51-37|17 40 37.00|+52 11 43.0|265.1542|52.1953|1022.5997|1027.3033|R_Astrodon_2018|2458984.120925926|180.0|21.4750|2.4348|43.7369|1.4359
287|2020-05-14|14:57:24|4C51-37-20200514@145723-R_Astrodon_2018_calib.fits|4C51-37|17 40 37.00|+52 11 43.0|265.1542|52.1953|1022.7489|1028.0110|R_Astrodon_2018|2458984.1231944445|180.0|21.4833|2.5049|44.2088|1.4239
288|2020-05-14|14:38:40|4C71-07-20200514@143836-R_Astrodon_2018_calib.fits|4C71-07|08 41 24.30|+70 53 42.0|130.3512|70.8950|1023.2999|1022.8261|R_Astrodon_2018|2458984.110185185|180.0|21.4960|2.6926|24.3907|2.4172
289|2020-05-14|14:41:57|4C71-07-20200514@144157-R_Astrodon_2018_calib.fits|4C71-07|08 41 24.30|+70 53 42.0|130.3512|70.8950|1024.7589|1023.8351|R_Astrodon_2018|2458984.112465278|180.0|21.4728|2.9515|24.1215|2.4427
290|2020-05-14|17:09:15|DA406-20200514@170911-R_Astrodon_2018_calib.fits|DA406|16 13 41.00|+34 12 48.0|243.4208|34.2133|1020.9563|1023.9218|R_Astrodon_2018|2458984.214756944|180.0|21.3857|2.0285|77.3390|1.0256
291|2020-05-14|17:12:31|DA406-20200514@171230-R_Astrodon_2018_calib.fits|DA406|16 13 41.00|+34 12 48.0|243.4208|34.2133|1021.1871|1023.3854|R_Astrodon_2018|2458984.217025463|180.0|21.3863|2.0725|76.9467|1.0273
292|2020-05-14|17:01:17|KS1510-08-20200514@170113-R_Astrodon_2018_calib.fits|KS1510-08|15 12 50.50|-09 06 00.0|228.2104|-9.1000|1023.0509|1024.9110|R_Astrodon_2018|2458984.209224537|180.0|21.2282|2.0811|51.5598|1.2829
293|2020-05-14|17:04:33|KS1510-08-20200514@170433-R_Astrodon_2018_calib.fits|KS1510-08|15 12 50.50|-09 06 00.0|228.2104|-9.1000|1024.8570|1025.3369|R_Astrodon_2018|2458984.2114930553|180.0|21.2084|2.0194|51.1287|1.2909
294|2020-05-14|16:23:23|Mkn421-20200514@162319-R_Astrodon_2018_calib.fits|Mkn421|11 04 27.30|+38 12 32.0|166.1137|38.2089|1023.6821|1023.1963|R_Astrodon_2018|2458984.1829050924|180.0|21.2386|3.2129|26.8276|2.2381
295|2020-05-14|16:26:39|Mkn421-20200514@162639-R_Astrodon_2018_calib.fits|Mkn421|11 04 27.30|+38 12 32.0|166.1137|38.2089|1025.5169|1024.4671|R_Astrodon_2018|2458984.185173611|180.0|21.2415|3.5155|26.1940|2.2894
296|2020-05-14|17:30:50|Mkn501-20200514@173050-R_Astrodon_2018_calib.fits|Mkn501|16 53 52.20|+39 45 37.0|253.4675|39.7603|736.0398|1009.6272|R_Astrodon_2018|2458984.2297453703|180.0|21.3993|2.1418|73.5079|1.0431
297|2020-05-14|17:34:25|Mkn501-20200514@173424-R_Astrodon_2018_calib.fits|Mkn501|16 53 52.20|+39 45 37.0|253.4675|39.7603|1008.2582|1021.2205|R_Astrodon_2018|2458984.2322337963|180.0|21.4077|2.2217|73.3729|1.0436
298|2020-05-14|16:37:49|ON231-20200514@163749-R_Astrodon_2018_calib.fits|ON231|12 21 31.70|+28 13 59.0|185.3821|28.2331|745.3336|995.3330|R_Astrodon_2018|2458984.1929282406|180.0|21.2655|2.3710|38.2222|1.6304
299|2020-05-14|16:41:23|ON231-20200514@164123-R_Astrodon_2018_calib.fits|ON231|12 21 31.70|+28 13 59.0|185.3821|28.2331|1025.6102|1027.4046|R_Astrodon_2018|2458984.1954050926|180.0|21.2730|2.4367|37.4440|1.6599
300|2020-05-14|14:45:40|S4_0954+65-20200514@144539-R_Astrodon_2018_calib.fits|S4_0954+65|09 58 47.20|+65 33 55.0|149.6967|65.5653|1452.6679|988.8085|R_Astrodon_2018|2458984.1150462963|180.0|20.9399|2.6157|31.3684|1.9231
301|2020-05-14|14:49:14|S4_0954+65-20200514@144914-R_Astrodon_2018_calib.fits|S4_0954+65|09 58 47.20|+65 33 55.0|149.6967|65.5653|1008.2117|1028.3025|R_Astrodon_2018|2458984.117523148|180.0|21.0137|2.2846|31.0066|1.9445
302|2020-05-15|14:46:40|3C273-20200515@144636-R_Astrodon_2018_calib.fits|3C273|12 29 06.70|+02 03 09.0|187.2779|2.0525|1024.5694|1022.5177|R_Astrodon_2018|2458985.1157407407|180.0|21.2034|2.0324|54.6470|1.2317
303|2020-05-15|14:49:55|3C273-20200515@144955-R_Astrodon_2018_calib.fits|3C273|12 29 06.70|+02 03 09.0|187.2779|2.0525|1025.8632|1023.0763|R_Astrodon_2018|2458985.117997685|180.0|21.2238|1.9931|54.0171|1.2418
304|2020-05-15|14:54:15|3C279-20200515@145411-R_Astrodon_2018_calib.fits|3C279|12 56 11.10|-05 47 22.0|194.0462|-5.7894|1023.7235|1023.4968|R_Astrodon_2018|2458985.121006944|180.0|21.3663|2.1074|52.4027|1.2672
305|2020-05-15|14:57:30|3C279-20200515@145730-R_Astrodon_2018_calib.fits|3C279|12 56 11.10|-05 47 22.0|194.0462|-5.7894|1025.2506|1023.8571|R_Astrodon_2018|2458985.123263889|180.0|21.3738|2.0684|51.8984|1.2762
306|2020-05-15|17:45:02|3C345-20200515@174458-R_Astrodon_2018_calib.fits|3C345|16 42 58.80|+39 48 37.0|250.7450|39.8103|1022.8924|1020.4015|R_Astrodon_2018|2458985.2396064815|180.0|20.8800|2.1413|71.4859|1.0563
307|2020-05-15|17:48:18|3C345-20200515@174818-R_Astrodon_2018_calib.fits|3C345|16 42 58.80|+39 48 37.0|250.7450|39.8103|1023.2680|1019.3382|R_Astrodon_2018|2458985.241875|180.0|20.8552|2.0849|71.1511|1.0587
308|2020-05-15|18:16:00|3C371-20200515@181556-R_Astrodon_2018_calib.fits|3C371|18 06 50.70|+69 49 28.0|271.7112|69.8244|1024.5279|1029.0340|R_Astrodon_2018|2458985.261111111|180.0|19.6605|2.5782|43.6120|1.4534
309|2020-05-15|18:19:15|3C371-20200515@181915-R_Astrodon_2018_calib.fits|3C371|18 06 50.70|+69 49 28.0|271.7112|69.8244|1025.0307|1032.0655|R_Astrodon_2018|2458985.2633680557|180.0|19.8380|2.3997|43.6275|1.4530
310|2020-05-15|14:31:46|4C29-45-20200515@143142-R_Astrodon_2018_calib.fits|4C29-45|11 59 31.80|+29 14 44.0|179.8825|29.2456|1023.0706|1023.1184|R_Astrodon_2018|2458985.1053935187|180.0|21.4660|2.2223|60.2236|1.1568
311|2020-05-15|14:35:02|4C29-45-20200515@143501-R_Astrodon_2018_calib.fits|4C29-45|11 59 31.80|+29 14 44.0|179.8825|29.2456|1024.0509|1024.5310|R_Astrodon_2018|2458985.107662037|180.0|21.4308|2.0421|59.5102|1.1654
312|2020-05-15|17:37:10|4C38-41-20200515@173710-R_Astrodon_2018_calib.fits|4C38-41|16 35 15.50|+38 08 04.0|248.8146|38.1344|1465.7952|1010.4321|R_Astrodon_2018|2458985.2341435184|180.0|21.1358|2.2388|72.9180|1.0474
313|2020-05-15|17:40:45|4C38-41-20200515@174045-R_Astrodon_2018_calib.fits|4C38-41|16 35 15.50|+38 08 04.0|248.8146|38.1344|1011.6157|1015.6989|R_Astrodon_2018|2458985.2366319443|180.0|21.1561|2.1042|72.5127|1.0503
314|2020-05-15|18:06:48|4C51-37-20200515@180644-R_Astrodon_2018_calib.fits|4C51-37|17 40 37.00|+52 11 43.0|265.1542|52.1953|1021.3277|1023.8129|R_Astrodon_2018|2458985.254722222|180.0|20.6610|2.0828|61.2548|1.1396
315|2020-05-15|18:10:04|4C51-37-20200515@181003-R_Astrodon_2018_calib.fits|4C51-37|17 40 37.00|+52 11 43.0|265.1542|52.1953|1020.8687|1022.2715|R_Astrodon_2018|2458985.2569907405|180.0|20.6812|2.0488|61.2255|1.1401
316|2020-05-15|14:09:05|4C71-07-20200515@140901-R_Astrodon_2018_calib.fits|4C71-07|08 41 24.30|+70 53 42.0|130.3512|70.8950|1023.6471|1021.8550|R_Astrodon_2018|2458985.0896412036|180.0|21.6039|2.4636|26.4937|2.2392
317|2020-05-15|14:12:23|4C71-07-20200515@141222-R_Astrodon_2018_calib.fits|4C71-07|08 41 24.30|+70 53 42.0|130.3512|70.8950|1024.2840|1022.7498|R_Astrodon_2018|2458985.0919328704|180.0|21.6107|2.5148|26.2236|2.2605
318|2020-05-15|17:29:29|DA406-20200515@172925-R_Astrodon_2018_calib.fits|DA406|16 13 41.00|+34 12 48.0|243.4208|34.2133|1022.0399|1021.8254|R_Astrodon_2018|2458985.2288078703|180.0|21.3179|2.0912|73.9052|1.0429
319|2020-05-15|17:32:44|DA406-20200515@173244-R_Astrodon_2018_calib.fits|DA406|16 13 41.00|+34 12 48.0|243.4208|34.2133|1022.5404|1021.1492|R_Astrodon_2018|2458985.2310648146|180.0|21.2709|2.0779|73.3695|1.0461
320|2020-05-15|17:21:33|KS1510-08-20200515@172129-R_Astrodon_2018_calib.fits|KS1510-08|15 12 50.50|-09 06 00.0|228.2104|-9.1000|1024.7690|1022.0197|R_Astrodon_2018|2458985.223298611|180.0|21.1130|2.0980|48.1078|1.3485
321|2020-05-15|17:24:48|KS1510-08-20200515@172448-R_Astrodon_2018_calib.fits|KS1510-08|15 12 50.50|-09 06 00.0|228.2104|-9.1000|1026.9876|1022.3396|R_Astrodon_2018|2458985.2255555554|180.0|20.9777|2.0101|47.6025|1.3597
322|2020-05-15|14:24:05|Mkn421-20200515@142401-R_Astrodon_2018_calib.fits|Mkn421|11 04 27.30|+38 12 32.0|166.1137|38.2089|1022.1580|1023.6175|R_Astrodon_2018|2458985.10005787|180.0|21.3718|2.8827|49.4566|1.3224
323|2020-05-15|14:27:22|Mkn421-20200515@142721-R_Astrodon_2018_calib.fits|Mkn421|11 04 27.30|+38 12 32.0|166.1137|38.2089|1023.0374|1025.4973|R_Astrodon_2018|2458985.102337963|180.0|21.2653|3.4352|48.8158|1.3354
324|2020-05-15|17:52:05|Mkn501-20200515@175204-R_Astrodon_2018_calib.fits|Mkn501|16 53 52.20|+39 45 37.0|253.4675|39.7603|1464.4364|1020.8981|R_Astrodon_2018|2458985.244502315|180.0|21.2668|2.2356|71.8949|1.0532
325|2020-05-15|17:55:39|Mkn501-20200515@175539-R_Astrodon_2018_calib.fits|Mkn501|16 53 52.20|+39 45 37.0|253.4675|39.7603|1014.4274|1020.9018|R_Astrodon_2018|2458985.2469791668|180.0|21.2195|2.1478|71.5530|1.0559
326|2020-05-15|13:54:00|OJ248-20200515@135356-R_Astrodon_2018_calib.fits|OJ248|08 30 52.10|+24 11 00.0|127.7171|24.1833|1023.6223|1022.0260|R_Astrodon_2018|2458985.0791666666|180.0|20.9109|2.9538|21.9568|2.7049
327|2020-05-15|13:57:16|OJ248-20200515@135716-R_Astrodon_2018_calib.fits|OJ248|08 30 52.10|+24 11 00.0|127.7171|24.1833|1025.9438|1022.5565|R_Astrodon_2018|2458985.0814351854|180.0|20.9268|3.2523|21.2422|2.7925
328|2020-05-15|14:00:47|OJ287-20200515@140047-R_Astrodon_2018_calib.fits|OJ287|08 54 48.90|+20 06 31.0|133.7037|20.1086|1575.4808|1012.8141|R_Astrodon_2018|2458985.083877315|180.0|21.5725|2.5828|24.5550|2.4369
329|2020-05-15|14:04:20|OJ287-20200515@140420-R_Astrodon_2018_calib.fits|OJ287|08 54 48.90|+20 06 31.0|133.7037|20.1086|1017.8700|1023.6569|R_Astrodon_2018|2458985.0863425927|180.0|21.5130|2.4498|23.7580|2.5123
330|2020-05-15|14:38:35|ON231-20200515@143834-R_Astrodon_2018_calib.fits|ON231|12 21 31.70|+28 13 59.0|185.3821|28.2331|1462.3829|910.6939|R_Astrodon_2018|2458985.110127315|180.0|21.3446|2.1467|63.6042|1.1205
331|2020-05-15|14:42:08|ON231-20200515@144208-R_Astrodon_2018_calib.fits|ON231|12 21 31.70|+28 13 59.0|185.3821|28.2331|1015.9924|1022.0743|R_Astrodon_2018|2458985.1125925924|180.0|21.3768|2.3298|62.8216|1.1284
332|2020-05-15|14:16:02|S4_0954+65-20200515@141601-R_Astrodon_2018_calib.fits|S4_0954+65|09 58 47.20|+65 33 55.0|149.6967|65.5653|1602.0596|966.2765|R_Astrodon_2018|2458985.0944675924|180.0|21.0837|2.3169|33.9352|1.7928
333|2020-05-15|14:19:35|S4_0954+65-20200515@141935-R_Astrodon_2018_calib.fits|S4_0954+65|09 58 47.20|+65 33 55.0|149.6967|65.5653|1020.7921|1022.0101|R_Astrodon_2018|2458985.0969328703|180.0|21.1063|2.3604|33.5856|1.8111
334|2020-05-15|13:46:01|S5_0716+71-20200515@134556-R_Astrodon_2018_calib.fits|S5_0716+71|07 21 53.40|+71 20 36.0|110.4725|71.3433|1024.0806|1020.9645|R_Astrodon_2018|2458985.0736226854|180.0|21.4625|2.7417|21.9604|2.6624
335|2020-05-15|13:49:16|S5_0716+71-20200515@134916-R_Astrodon_2018_calib.fits|S5_0716+71|07 21 53.40|+71 20 36.0|110.4725|71.3433|1025.8988|1021.6341|R_Astrodon_2018|2458985.0758796297|180.0|21.4768|2.9386|21.7029|2.6922
336|2020-05-17|15:03:40|3C273-20200517@150336-R_Astrodon_2018_calib.fits|3C273|12 29 06.70|+02 03 09.0|187.2779|2.0525|1022.8952|1023.8021|R_Astrodon_2018|2458987.1275462965|180.0|21.1710|2.6977|49.6881|1.3197
337|2020-05-17|15:06:57|3C273-20200517@150656-R_Astrodon_2018_calib.fits|3C273|12 29 06.70|+02 03 09.0|187.2779|2.0525|1023.6587|1024.9192|R_Astrodon_2018|2458987.129826389|180.0|21.1894|2.6982|49.0123|1.3334
338|2020-05-17|15:11:16|3C279-20200517@151112-R_Astrodon_2018_calib.fits|3C279|12 56 11.10|-05 47 22.0|194.0462|-5.7894|1024.1288|1023.3873|R_Astrodon_2018|2458987.132824074|180.0|21.3263|2.6769|48.3113|1.3466
339|2020-05-17|15:14:32|3C279-20200517@151432-R_Astrodon_2018_calib.fits|3C279|12 56 11.10|-05 47 22.0|194.0462|-5.7894|1025.3780|1024.6828|R_Astrodon_2018|2458987.135092593|180.0|21.3280|2.6662|47.7386|1.3590
340|2020-05-17|16:05:19|3C345-20200517@160515-R_Astrodon_2018_calib.fits|3C345|16 42 58.80|+39 48 37.0|250.7450|39.8103|1022.8471|1024.7014|R_Astrodon_2018|2458987.170358796|180.0|20.9901|2.7068|70.4400|1.0594
341|2020-05-17|16:08:34|3C345-20200517@160834-R_Astrodon_2018_calib.fits|3C345|16 42 58.80|+39 48 37.0|250.7450|39.8103|1022.2380|1026.7120|R_Astrodon_2018|2458987.172615741|180.0|20.9843|2.7413|70.8092|1.0570
342|2020-05-17|14:42:15|4C29-45-20200517@144211-R_Astrodon_2018_calib.fits|4C29-45|11 59 31.80|+29 14 44.0|179.8825|29.2456|1022.7066|1022.6933|R_Astrodon_2018|2458987.112673611|180.0|21.3469|2.6211|56.2137|1.2095
343|2020-05-17|14:45:30|4C29-45-20200517@144530-R_Astrodon_2018_calib.fits|4C29-45|11 59 31.80|+29 14 44.0|179.8825|29.2456|1023.6695|1024.2108|R_Astrodon_2018|2458987.1149305557|180.0|20.1913|2.7062|55.5028|1.2201
344|2020-05-17|15:57:27|4C38-41-20200517@155727-R_Astrodon_2018_calib.fits|4C38-41|16 35 15.50|+38 08 04.0|248.8146|38.1344|812.1273|1206.2067|R_Astrodon_2018|2458987.1648958335|180.0|21.2563|2.9176|71.7281|1.0510
345|2020-05-17|16:01:02|4C38-41-20200517@160102-R_Astrodon_2018_calib.fits|4C38-41|16 35 15.50|+38 08 04.0|248.8146|38.1344|1058.0345|1014.6926|R_Astrodon_2018|2458987.1673842594|180.0|21.2596|2.7258|72.1744|1.0488
346|2020-05-17|16:19:49|4C51-37-20200517@161945-R_Astrodon_2018_calib.fits|4C51-37|17 40 37.00|+52 11 43.0|265.1542|52.1953|1022.8009|1024.0358|R_Astrodon_2018|2458987.180428241|180.0|21.5657|2.5872|56.1283|1.2007
347|2020-05-17|16:23:05|4C51-37-20200517@162304-R_Astrodon_2018_calib.fits|4C51-37|17 40 37.00|+52 11 43.0|265.1542|52.1953|1022.4579|1025.5333|R_Astrodon_2018|2458987.1826967592|180.0|21.5669|2.7101|56.4537|1.1962
348|2020-05-17|14:19:03|4C71-07-20200517@141900-R_Astrodon_2018_calib.fits|4C71-07|08 41 24.30|+70 53 42.0|130.3512|70.8950|1023.8697|1021.5371|R_Astrodon_2018|2458987.0965625|180.0|21.4973|2.7660|25.0324|2.3608
349|2020-05-17|14:22:20|4C71-07-20200517@142219-R_Astrodon_2018_calib.fits|4C71-07|08 41 24.30|+70 53 42.0|130.3512|70.8950|1024.7932|1022.1748|R_Astrodon_2018|2458987.0988425924|180.0|21.4946|2.7943|24.7630|2.3849
350|2020-05-17|15:49:44|DA406-20200517@154940-R_Astrodon_2018_calib.fits|DA406|16 13 41.00|+34 12 48.0|243.4208|34.2133|1022.4938|1025.9788|R_Astrodon_2018|2458987.159537037|180.0|21.3626|3.0305|76.5269|1.0270
351|2020-05-17|15:53:00|DA406-20200517@155259-R_Astrodon_2018_calib.fits|DA406|16 13 41.00|+34 12 48.0|243.4208|34.2133|1022.1858|1028.3619|R_Astrodon_2018|2458987.1618055557|180.0|21.3699|3.1004|76.9457|1.0254
352|2020-05-17|15:40:29|KS1510-08-20200517@154025-R_Astrodon_2018_calib.fits|KS1510-08|15 12 50.50|-09 06 00.0|228.2104|-9.1000|1023.3265|1023.4447|R_Astrodon_2018|2458987.1531134257|180.0|21.2487|2.4939|57.2434|1.1895
353|2020-05-17|15:43:45|KS1510-08-20200517@154345-R_Astrodon_2018_calib.fits|KS1510-08|15 12 50.50|-09 06 00.0|228.2104|-9.1000|1024.4942|1022.6506|R_Astrodon_2018|2458987.1553819445|180.0|21.2353|2.4534|57.1481|1.1910
354|2020-05-17|14:34:33|Mkn421-20200517@143429-R_Astrodon_2018_calib.fits|Mkn421|11 04 27.30|+38 12 32.0|166.1137|38.2089|1023.5542|1023.3753|R_Astrodon_2018|2458987.107326389|180.0|21.3781|3.5753|45.8690|1.4019
355|2020-05-17|14:37:51|Mkn421-20200517@143750-R_Astrodon_2018_calib.fits|Mkn421|11 04 27.30|+38 12 32.0|166.1137|38.2089|1024.5928|1024.7702|R_Astrodon_2018|2458987.1096180556|180.0|21.3617|3.1905|45.2210|1.4179
356|2020-05-17|16:12:08|Mkn501-20200517@161208-R_Astrodon_2018_calib.fits|Mkn501|16 53 52.20|+39 45 37.0|253.4675|39.7603|901.2922|1168.5823|R_Astrodon_2018|2458987.1750925924|180.0|21.4711|2.7673|69.9960|1.0619
357|2020-05-17|16:15:24|Mkn501-20200517@161524-R_Astrodon_2018_calib.fits|Mkn501|16 53 52.20|+39 45 37.0|253.4675|39.7603|900.6660|1170.9098|R_Astrodon_2018|2458987.177361111|180.0|21.4778|2.8096|70.3889|1.0594
358|2020-05-17|14:14:09|OJ287-20200517@141408-R_Astrodon_2018_calib.fits|OJ287|08 54 48.90|+20 06 31.0|133.7037|20.1086|1404.0516|1135.9551|R_Astrodon_2018|2458987.093159722|180.0|21.1162|3.0614|19.8017|2.9939
359|2020-05-17|14:49:04|ON231-20200517@144903-R_Astrodon_2018_calib.fits|ON231|12 21 31.70|+28 13 59.0|185.3821|28.2331|1408.4730|1153.8340|R_Astrodon_2018|2458987.1174074076|180.0|21.2307|2.7617|59.5561|1.1650
360|2020-05-17|14:52:38|ON231-20200517@145238-R_Astrodon_2018_calib.fits|ON231|12 21 31.70|+28 13 59.0|185.3821|28.2331|1034.3148|1022.9846|R_Astrodon_2018|2458987.119884259|180.0|21.3227|2.7530|58.7685|1.1753
361|2020-05-17|14:26:44|S4_0954+65-20200517@142640-R_Astrodon_2018_calib.fits|S4_0954+65|09 58 47.20|+65 33 55.0|149.6967|65.5653|1022.9267|1021.3902|R_Astrodon_2018|2458987.101898148|180.0|21.0218|2.4733|32.0889|1.8869
362|2020-05-17|14:30:00|S4_0954+65-20200517@143000-R_Astrodon_2018_calib.fits|S4_0954+65|09 58 47.20|+65 33 55.0|149.6967|65.5653|1023.5106|1022.1488|R_Astrodon_2018|2458987.1041666665|180.0|20.9975|2.5632|31.7598|1.9045
