ID|DateObs|TimeObs|Filename|Object|RA_hhmmss|DEC_ddmmss|RA_deg|DEC_deg|RA_pix|Dec_pix|FilterName|JD|ExpTime_sec|Zmag|FWHM|Altitude|Airmass
1|2021-07-01|15:46:24|3C345-20210701_154624-R_Astrodon_2018_calib.fits|3C345|16 42 58.80|+39 48 37.0|250.7450|39.8103|1019.4193|1023.2305|R_Astrodon_2018|2459397.157222222|180.0|21.0673|2.1484|62.2218|1.1340
2|2021-07-01|15:49:42|3C345-20210701_154942-R_Astrodon_2018_calib.fits|3C345|16 42 58.80|+39 48 37.0|250.7450|39.8103|1018.5198|1023.0470|R_Astrodon_2018|2459397.159513889|180.0|21.0650|2.1795|61.6581|1.1401
3|2021-07-01|14:57:39|3C371-20210701_145734-R_Astrodon_2018_calib.fits|3C371|18 06 50.70|+69 49 28.0|271.7112|69.8244|1226.8236|1090.7602|R_Astrodon_2018|2459397.1233680556|180.0|21.4437|2.4753|43.4814|1.4520
4|2021-07-01|15:00:58|3C371-20210701_150058-R_Astrodon_2018_calib.fits|3C371|18 06 50.70|+69 49 28.0|271.7112|69.8244|1227.1586|1091.6231|R_Astrodon_2018|2459397.1256712964|180.0|21.4676|2.4838|43.5201|1.4511
5|2021-07-01|15:32:17|4C38-41-20210701_153211-R_Astrodon_2018_calib.fits|4C38-41|16 35 15.50|+38 08 04.0|248.8146|38.1344|1039.9800|1055.8063|R_Astrodon_2018|2459397.1474189814|180.0|21.3303|2.3227|64.1072|1.1150
6|2021-07-01|15:35:36|4C38-41-20210701_153535-R_Astrodon_2018_calib.fits|4C38-41|16 35 15.50|+38 08 04.0|248.8146|38.1344|1039.0029|1055.4495|R_Astrodon_2018|2459397.1497222222|180.0|21.3456|2.3757|63.5229|1.1207
7|2021-07-01|15:54:22|4C51-37-20210701_155416-R_Astrodon_2018_calib.fits|4C51-37|17 40 37.00|+52 11 43.0|265.1542|52.1953|1036.9454|1040.5696|R_Astrodon_2018|2459397.1627546297|180.0|21.6427|2.1672|59.2782|1.1649
8|2021-07-01|15:57:40|4C51-37-20210701_155740-R_Astrodon_2018_calib.fits|4C51-37|17 40 37.00|+52 11 43.0|265.1542|52.1953|1035.3205|1039.8963|R_Astrodon_2018|2459397.165046296|180.0|21.6492|2.0726|59.0487|1.1678
9|2021-07-01|15:06:01|BL-Lacertae-20210701_150555-R_Astrodon_2018_calib.fits|BL-Lacertae|22 02 43.30|+42 16 40.0|330.6804|42.2778|948.5619|916.7069|R_Astrodon_2018|2459397.129178241|180.0|21.5056|2.8336|34.8672|1.7292
10|2021-07-01|15:09:19|BL-Lacertae-20210701_150919-R_Astrodon_2018_calib.fits|BL-Lacertae|22 02 43.30|+42 16 40.0|330.6804|42.2778|948.5836|915.6041|R_Astrodon_2018|2459397.1314699072|180.0|21.5113|2.8298|35.4792|1.7037
11|2021-07-01|15:16:08|DA406-20210701_151602-R_Astrodon_2018_calib.fits|DA406|16 13 41.00|+34 12 48.0|243.4208|34.2133|922.7809|1090.9779|R_Astrodon_2018|2459397.136203704|180.0|21.4168|2.2278|64.6159|1.1106
12|2021-07-01|15:19:26|DA406-20210701_151926-R_Astrodon_2018_calib.fits|DA406|16 13 41.00|+34 12 48.0|243.4208|34.2133|922.2638|1090.4090|R_Astrodon_2018|2459397.1384953703|180.0|21.4267|2.2138|63.9637|1.1168
13|2021-07-01|15:24:10|KS1510-08-20210701_152405-R_Astrodon_2018_calib.fits|KS1510-08|15 12 50.50|-09 06 00.0|228.2104|-9.1000|1009.2832|983.6694|R_Astrodon_2018|2459397.141782407|180.0|21.0964|2.3793|36.3581|1.7014
14|2021-07-01|15:27:29|KS1510-08-20210701_152728-R_Astrodon_2018_calib.fits|KS1510-08|15 12 50.50|-09 06 00.0|228.2104|-9.1000|1009.5555|982.6366|R_Astrodon_2018|2459397.144085648|180.0|21.0853|2.3257|35.7109|1.7283
15|2021-07-01|15:39:22|Mkn501-20210701_153922-R_Astrodon_2018_calib.fits|Mkn501|16 53 52.20|+39 45 37.0|253.4675|39.7603|1023.9389|1027.0172|R_Astrodon_2018|2459397.1523379628|180.0|21.5098|2.1541|65.1966|1.1046
16|2021-07-01|15:42:40|Mkn501-20210701_154240-R_Astrodon_2018_calib.fits|Mkn501|16 53 52.20|+39 45 37.0|253.4675|39.7603|1022.7789|1026.3354|R_Astrodon_2018|2459397.1546296296|180.0|21.5228|2.1476|64.6681|1.1095
17|2021-07-02|14:02:08|3C279-20210702_140203-R_Astrodon_2018_calib.fits|3C279|12 56 11.10|-05 47 22.0|194.0462|-5.7894|1012.5898|1026.0859|R_Astrodon_2018|2459398.084814815|180.0|21.0550|2.5107|26.1557|2.2999
18|2021-07-02|14:05:26|3C279-20210702_140526-R_Astrodon_2018_calib.fits|3C279|12 56 11.10|-05 47 22.0|194.0462|-5.7894|1012.8536|1026.0472|R_Astrodon_2018|2459398.0871064817|180.0|20.8769|2.5545|25.44|2.3608
19|2021-07-02|14:50:43|3C345-20210702_145043-R_Astrodon_2018_calib.fits|3C345|16 42 58.80|+39 48 37.0|250.7450|39.8103|1020.7234|1023.1861|R_Astrodon_2018|2459398.118553241|180.0|20.8132|2.8158|69.9894|1.0659
20|2021-07-02|14:54:00|3C345-20210702_145400-R_Astrodon_2018_calib.fits|3C345|16 42 58.80|+39 48 37.0|250.7450|39.8103|1020.4297|1022.8018|R_Astrodon_2018|2459398.120833333|180.0|20.7389|2.7826|69.5809|1.0688
21|2021-07-02|12:58:56|3C371-20210702_125851-R_Astrodon_2018_calib.fits|3C371|18 06 50.70|+69 49 28.0|271.7112|69.8244|1166.6999|1071.7762|R_Astrodon_2018|2459398.040925926|180.0|21.4335|2.1733|39.1951|1.5744
22|2021-07-02|13:02:16|3C371-20210702_130215-R_Astrodon_2018_calib.fits|3C371|18 06 50.70|+69 49 28.0|271.7112|69.8244|1168.5437|1071.4935|R_Astrodon_2018|2459398.043240741|180.0|21.4122|2.1198|39.3905|1.5681
23|2021-07-02|15:08:06|3C371-20210702_150801-R_Astrodon_2018_calib.fits|3C371|18 06 50.70|+69 49 28.0|271.7112|69.8244|1172.3796|1126.5672|R_Astrodon_2018|2459398.130625|180.0|21.0680|2.3941|43.6113|1.4488
24|2021-07-02|15:11:25|3C371-20210702_151125-R_Astrodon_2018_calib.fits|3C371|18 06 50.70|+69 49 28.0|271.7112|69.8244|1173.4497|1127.2038|R_Astrodon_2018|2459398.1329282406|180.0|21.1110|1.9632|43.6273|1.4485
25|2021-07-02|15:23:30|3C454-3-20210702_152329-R_Astrodon_2018_calib.fits|3C454-3|22 53 57.70|+16 08 54.0|343.4904|16.1483|1015.6804|1022.4800|R_Astrodon_2018|2459398.1413194444|180.0|19.6426|2.3217|23.5626|2.4413
26|2021-07-02|15:26:48|3C454-3-20210702_152647-R_Astrodon_2018_calib.fits|3C454-3|22 53 57.70|+16 08 54.0|343.4904|16.1483|1014.8194|1020.8040|R_Astrodon_2018|2459398.143611111|180.0|19.8048|2.2493|24.3141|2.3724
27|2021-07-02|13:54:12|4C29-45-20210702_135407-R_Astrodon_2018_calib.fits|4C29-45|11 59 31.80|+29 14 44.0|179.8825|29.2456|924.9435|1067.7050|R_Astrodon_2018|2459398.0793055557|180.0|21.3231|2.1983|27.6105|2.1826
28|2021-07-02|13:57:30|4C29-45-20210702_135730-R_Astrodon_2018_calib.fits|4C29-45|11 59 31.80|+29 14 44.0|179.8825|29.2456|925.1832|1068.0920|R_Astrodon_2018|2459398.081597222|180.0|21.3555|2.2513|26.9071|2.2356
29|2021-07-02|14:35:53|4C38-41-20210702_143548-R_Astrodon_2018_calib.fits|4C38-41|16 35 15.50|+38 08 04.0|248.8146|38.1344|1035.4790|1059.7981|R_Astrodon_2018|2459398.108252315|180.0|21.2574|2.8470|72.1663|1.0519
30|2021-07-02|14:39:11|4C38-41-20210702_143911-R_Astrodon_2018_calib.fits|4C38-41|16 35 15.50|+38 08 04.0|248.8146|38.1344|1034.6494|1059.7833|R_Astrodon_2018|2459398.1105439817|180.0|21.2504|2.6979|71.7557|1.0544
31|2021-07-02|14:58:41|4C51-37-20210702_145836-R_Astrodon_2018_calib.fits|4C51-37|17 40 37.00|+52 11 43.0|265.1542|52.1953|1030.7612|1044.5149|R_Astrodon_2018|2459398.124085648|180.0|21.1101|2.2389|61.2571|1.1403
32|2021-07-02|15:01:59|4C51-37-20210702_150159-R_Astrodon_2018_calib.fits|4C51-37|17 40 37.00|+52 11 43.0|265.1542|52.1953|1030.0620|1043.4740|R_Astrodon_2018|2459398.126377315|180.0|20.9815|2.4215|61.2288|1.1407
33|2021-07-02|13:07:16|BL-Lacertae-20210702_130710-R_Astrodon_2018_calib.fits|BL-Lacertae|22 02 43.30|+42 16 40.0|330.6804|42.2778|966.5968|988.9014|R_Astrodon_2018|2459398.046712963|180.0|20.8964|3.3584|13.9999|3.9643
34|2021-07-02|13:10:39|BL-Lacertae-20210702_131038-R_Astrodon_2018_calib.fits|BL-Lacertae|22 02 43.30|+42 16 40.0|330.6804|42.2778|963.0668|986.3890|R_Astrodon_2018|2459398.0490625|180.0|20.9490|2.9569|14.5936|3.8150
35|2021-07-02|15:31:20|BL-Lacertae-20210702_153115-R_Astrodon_2018_calib.fits|BL-Lacertae|22 02 43.30|+42 16 40.0|330.6804|42.2778|1018.2342|1029.3846|R_Astrodon_2018|2459398.146759259|180.0|20.8919|2.2218|40.2893|1.5317
36|2021-07-02|15:34:40|BL-Lacertae-20210702_153440-R_Astrodon_2018_calib.fits|BL-Lacertae|22 02 43.30|+42 16 40.0|330.6804|42.2778|1019.1721|1029.9660|R_Astrodon_2018|2459398.149074074|180.0|21.0487|2.1049|40.906|1.5131
37|2021-07-02|15:16:25|CTA102-20210702_151620-R_Astrodon_2018_calib.fits|CTA102|22 32 36.40|+11 43 51.0|338.1517|11.7308|957.1724|864.6289|R_Astrodon_2018|2459398.136400463|180.0|20.1592|2.6449|25.3219|2.2889
38|2021-07-02|15:19:45|CTA102-20210702_151944-R_Astrodon_2018_calib.fits|CTA102|22 32 36.40|+11 43 51.0|338.1517|11.7308|954.9876|863.1166|R_Astrodon_2018|2459398.138715278|180.0|19.7583|2.2687|26.0878|2.2286
39|2021-07-02|14:18:52|DA406-20210702_141847-R_Astrodon_2018_calib.fits|DA406|16 13 41.00|+34 12 48.0|243.4208|34.2133|1031.6611|1080.4284|R_Astrodon_2018|2459398.096435185|180.0|21.3612|2.8956|74.3622|1.0400
40|2021-07-02|14:22:11|DA406-20210702_142210-R_Astrodon_2018_calib.fits|DA406|16 13 41.00|+34 12 48.0|243.4208|34.2133|1031.0772|1080.9467|R_Astrodon_2018|2459398.098738426|180.0|21.3174|2.9018|73.8277|1.0429
41|2021-07-02|15:39:14|ES2344+514-20210702_153909-R_Astrodon_2018_calib.fits|ES2344+514|23 47 04.00|+51 42 18.0|356.7667|51.7050|1004.5441|1028.9136|R_Astrodon_2018|2459398.15224537|180.0|20.7186|2.1468|24.1706|2.4006
42|2021-07-02|15:42:34|ES2344+514-20210702_154234-R_Astrodon_2018_calib.fits|ES2344+514|23 47 04.00|+51 42 18.0|356.7667|51.7050|1003.8800|1027.7647|R_Astrodon_2018|2459398.154560185|180.0|20.8323|2.1241|24.684|2.3551
43|2021-07-02|14:27:01|KS1510-08-20210702_142656-R_Astrodon_2018_calib.fits|KS1510-08|15 12 50.50|-09 06 00.0|228.2104|-9.1000|1010.4778|990.5889|R_Astrodon_2018|2459398.1020949073|180.0|21.1447|2.2960|45.9951|1.3982
44|2021-07-02|14:30:20|KS1510-08-20210702_143019-R_Astrodon_2018_calib.fits|KS1510-08|15 12 50.50|-09 06 00.0|228.2104|-9.1000|1010.8344|989.8170|R_Astrodon_2018|2459398.104398148|180.0|21.0816|2.0899|45.4447|1.4115
45|2021-07-02|14:43:30|Mkn501-20210702_144330-R_Astrodon_2018_calib.fits|Mkn501|16 53 52.20|+39 45 37.0|253.4675|39.7603|1021.1610|1027.8466|R_Astrodon_2018|2459398.113541667|180.0|21.3095|2.7534|71.9688|1.0527
46|2021-07-02|14:46:48|Mkn501-20210702_144647-R_Astrodon_2018_calib.fits|Mkn501|16 53 52.20|+39 45 37.0|253.4675|39.7603|1020.3558|1027.5145|R_Astrodon_2018|2459398.115833333|180.0|21.3011|2.8739|71.6586|1.0547
47|2021-07-02|14:10:05|ON231-20210702_141000-R_Astrodon_2018_calib.fits|ON231|12 21 31.70|+28 13 59.0|185.3821|28.2331|1029.0335|1023.1419|R_Astrodon_2018|2459398.090335648|180.0|21.1219|2.2010|28.6836|2.1084
48|2021-07-02|14:13:23|ON231-20210702_141323-R_Astrodon_2018_calib.fits|ON231|12 21 31.70|+28 13 59.0|185.3821|28.2331|1029.6715|1024.1217|R_Astrodon_2018|2459398.092627315|180.0|21.0466|2.1850|27.9733|2.1579
49|2021-07-03|15:56:44|3C345-20210703_155643-R_Astrodon_2018_calib.fits|3C345|16 42 58.80|+39 48 37.0|250.7450|39.8103|1020.3567|1023.0347|R_Astrodon_2018|2459399.164398148|180.0|20.8962|2.7243|59.0515|1.1706
50|2021-07-03|16:00:01|3C345-20210703_160001-R_Astrodon_2018_calib.fits|3C345|16 42 58.80|+39 48 37.0|250.7450|39.8103|1019.7536|1022.3204|R_Astrodon_2018|2459399.1666782405|180.0|20.9507|2.5024|58.4652|1.1781
51|2021-07-03|16:12:40|3C371-20210703_161234-R_Astrodon_2018_calib.fits|3C371|18 06 50.70|+69 49 28.0|271.7112|69.8244|1055.1758|1032.1334|R_Astrodon_2018|2459399.175462963|180.0|21.4342|3.4265|42.8797|1.4703
52|2021-07-03|16:15:58|3C371-20210703_161557-R_Astrodon_2018_calib.fits|3C371|18 06 50.70|+69 49 28.0|271.7112|69.8244|1053.0445|1031.3728|R_Astrodon_2018|2459399.1777546294|180.0|21.4551|3.2661|42.7894|1.4730
53|2021-07-03|16:36:40|3C454-3-20210703_163640-R_Astrodon_2018_calib.fits|3C454-3|22 53 57.70|+16 08 54.0|343.4904|16.1483|1019.4696|1023.8523|R_Astrodon_2018|2459399.1921296297|180.0|20.6860|3.5136|41.2193|1.5008
54|2021-07-03|16:39:58|3C454-3-20210703_163957-R_Astrodon_2018_calib.fits|3C454-3|22 53 57.70|+16 08 54.0|343.4904|16.1483|1020.0273|1023.9507|R_Astrodon_2018|2459399.1944212965|180.0|20.7196|3.6624|41.9779|1.4791
55|2021-07-03|15:42:17|4C38-41-20210703_154212-R_Astrodon_2018_calib.fits|4C38-41|16 35 15.50|+38 08 04.0|248.8146|38.1344|1040.2299|1052.7479|R_Astrodon_2018|2459399.154363426|180.0|21.1776|2.5904|60.9003|1.1487
56|2021-07-03|15:45:36|4C38-41-20210703_154535-R_Astrodon_2018_calib.fits|4C38-41|16 35 15.50|+38 08 04.0|248.8146|38.1344|1039.3606|1052.1115|R_Astrodon_2018|2459399.1566666667|180.0|21.1797|2.7218|60.2907|1.1557
57|2021-07-03|16:04:41|4C51-37-20210703_160436-R_Astrodon_2018_calib.fits|4C51-37|17 40 37.00|+52 11 43.0|265.1542|52.1953|1039.2081|1039.5913|R_Astrodon_2018|2459399.1699189814|180.0|21.5892|2.8305|57.8813|1.1830
58|2021-07-03|16:08:11|4C51-37-20210703_160810-R_Astrodon_2018_calib.fits|4C51-37|17 40 37.00|+52 11 43.0|265.1542|52.1953|1038.0978|1038.9552|R_Astrodon_2018|2459399.1723495373|180.0|21.5585|2.9867|57.5769|1.1871
59|2021-07-03|16:44:32|BL-Lacertae-20210703_164427-R_Astrodon_2018_calib.fits|BL-Lacertae|22 02 43.30|+42 16 40.0|330.6804|42.2778|1044.0394|1053.2149|R_Astrodon_2018|2459399.197592593|180.0|21.4180|3.2096|54.2679|1.2259
60|2021-07-03|16:47:51|BL-Lacertae-20210703_164750-R_Astrodon_2018_calib.fits|BL-Lacertae|22 02 43.30|+42 16 40.0|330.6804|42.2778|1045.3567|1054.2966|R_Astrodon_2018|2459399.199895833|180.0|21.4561|3.0718|54.8443|1.2174
61|2021-07-03|16:29:36|CTA102-20210703_162931-R_Astrodon_2018_calib.fits|CTA102|22 32 36.40|+11 43 51.0|338.1517|11.7308|962.0864|1041.3292|R_Astrodon_2018|2459399.1872222223|180.0|21.1015|3.4553|43.0324|1.4502
62|2021-07-03|16:32:54|CTA102-20210703_163254-R_Astrodon_2018_calib.fits|CTA102|22 32 36.40|+11 43 51.0|338.1517|11.7308|963.1441|1041.7273|R_Astrodon_2018|2459399.1895138887|180.0|21.0170|3.6787|43.787|1.4306
63|2021-07-03|15:26:08|DA406-20210703_152603-R_Astrodon_2018_calib.fits|DA406|16 13 41.00|+34 12 48.0|243.4208|34.2133|837.2243|1088.1841|R_Astrodon_2018|2459399.143148148|180.0|21.1938|2.5292|61.0521|1.1474
64|2021-07-03|15:29:26|DA406-20210703_152926-R_Astrodon_2018_calib.fits|DA406|16 13 41.00|+34 12 48.0|243.4208|34.2133|837.0246|1087.8624|R_Astrodon_2018|2459399.145439815|180.0|21.1983|2.4645|60.386|1.1550
65|2021-07-03|16:52:22|ES2344+514-20210703_165216-R_Astrodon_2018_calib.fits|ES2344+514|23 47 04.00|+51 42 18.0|356.7667|51.7050|994.1007|1013.1433|R_Astrodon_2018|2459399.2030324074|180.0|21.2142|3.9213|36.1077|1.6821
66|2021-07-03|16:55:41|ES2344+514-20210703_165541-R_Astrodon_2018_calib.fits|ES2344+514|23 47 04.00|+51 42 18.0|356.7667|51.7050|994.8204|1013.0103|R_Astrodon_2018|2459399.2053356483|180.0|21.3911|3.4720|36.6183|1.6622
67|2021-07-03|15:34:11|KS1510-08-20210703_153406-R_Astrodon_2018_calib.fits|KS1510-08|15 12 50.50|-09 06 00.0|228.2104|-9.1000|1016.9617|988.3198|R_Astrodon_2018|2459399.148738426|180.0|20.7569|3.5492|32.82|1.8634
68|2021-07-03|15:37:29|KS1510-08-20210703_153729-R_Astrodon_2018_calib.fits|KS1510-08|15 12 50.50|-09 06 00.0|228.2104|-9.1000|1017.4453|987.8569|R_Astrodon_2018|2459399.1510300925|180.0|20.7934|3.5847|32.1547|1.8980
69|2021-07-03|15:49:29|Mkn501-20210703_154929-R_Astrodon_2018_calib.fits|Mkn501|16 53 52.20|+39 45 37.0|253.4675|39.7603|1024.5550|1026.6304|R_Astrodon_2018|2459399.159363426|180.0|21.3570|2.7192|62.2305|1.1340
70|2021-07-03|15:52:47|Mkn501-20210703_155247-R_Astrodon_2018_calib.fits|Mkn501|16 53 52.20|+39 45 37.0|253.4675|39.7603|1023.3886|1026.3625|R_Astrodon_2018|2459399.1616550926|180.0|21.3712|2.6703|61.6658|1.1400
71|2021-07-03|16:21:36|PKS2155-304-20210703_162130-R_Astrodon_2018_calib.fits|PKS2155-304|21 58 52.00|-30 13 32.0|329.7167|-30.2256|1125.7644|1111.3675|R_Astrodon_2018|2459399.1816666666|180.0|21.0061|4.0442|23.1325|2.4952
72|2021-07-03|16:24:55|PKS2155-304-20210703_162454-R_Astrodon_2018_calib.fits|PKS2155-304|21 58 52.00|-30 13 32.0|329.7167|-30.2256|1125.7324|1110.3561|R_Astrodon_2018|2459399.1839699075|180.0|21.0489|3.9781|23.6045|2.4498
73|2021-07-04|14:01:25|3C279-20210704_140119-R_Astrodon_2018_calib.fits|3C279|12 56 11.10|-05 47 22.0|194.0462|-5.7894|1011.8501|1013.6509|R_Astrodon_2018|2459400.0843171296|180.0|21.2396|3.7902|24.6031|2.4371
74|2021-07-04|14:04:43|3C279-20210704_140442-R_Astrodon_2018_calib.fits|3C279|12 56 11.10|-05 47 22.0|194.0462|-5.7894|1012.3368|1014.6182|R_Astrodon_2018|2459400.0866087964|180.0|21.2014|3.9179|23.8832|2.5067
75|2021-07-04|14:49:06|3C345-20210704_144905-R_Astrodon_2018_calib.fits|3C345|16 42 58.80|+39 48 37.0|250.7450|39.8103|1022.5501|1024.2709|R_Astrodon_2018|2459400.1174305556|180.0|21.0917|2.7308|69.1993|1.0716
76|2021-07-04|14:52:23|3C345-20210704_145223-R_Astrodon_2018_calib.fits|3C345|16 42 58.80|+39 48 37.0|250.7450|39.8103|1022.1495|1023.4183|R_Astrodon_2018|2459400.119710648|180.0|21.0716|2.8386|68.7631|1.0749
77|2021-07-04|15:16:31|3C371-20210704_151626-R_Astrodon_2018_calib.fits|3C371|18 06 50.70|+69 49 28.0|271.7112|69.8244|1055.0301|1023.0638|R_Astrodon_2018|2459400.1364699076|180.0|21.5535|3.4245|43.6392|1.4477
78|2021-07-04|15:19:50|3C371-20210704_151949-R_Astrodon_2018_calib.fits|3C371|18 06 50.70|+69 49 28.0|271.7112|69.8244|1052.8429|1022.7209|R_Astrodon_2018|2459400.138773148|180.0|21.5513|3.2535|43.6292|1.4481
79|2021-07-04|15:32:28|3C454-3-20210704_153227-R_Astrodon_2018_calib.fits|3C454-3|22 53 57.70|+16 08 54.0|343.4904|16.1483|1021.4060|1028.2124|R_Astrodon_2018|2459400.1475462965|180.0|20.7749|3.9759|27.4003|2.1300
80|2021-07-04|15:35:46|3C454-3-20210704_153545-R_Astrodon_2018_calib.fits|3C454-3|22 53 57.70|+16 08 54.0|343.4904|16.1483|1021.5181|1027.4305|R_Astrodon_2018|2459400.149837963|180.0|20.7308|4.0650|28.1542|2.0789
81|2021-07-04|13:53:28|4C29-45-20210704_135323-R_Astrodon_2018_calib.fits|4C29-45|11 59 31.80|+29 14 44.0|179.8825|29.2456|1033.7610|1010.6012|R_Astrodon_2018|2459400.0787962964|180.0|21.4550|3.7477|26.092|2.3028
82|2021-07-04|13:56:47|4C29-45-20210704_135646-R_Astrodon_2018_calib.fits|4C29-45|11 59 31.80|+29 14 44.0|179.8825|29.2456|1033.5885|1011.8302|R_Astrodon_2018|2459400.081099537|180.0|21.4722|3.6611|25.3871|2.3626
83|2021-07-04|14:34:26|4C38-41-20210704_143420-R_Astrodon_2018_calib.fits|4C38-41|16 35 15.50|+38 08 04.0|248.8146|38.1344|1034.9594|1058.8308|R_Astrodon_2018|2459400.1072453703|180.0|21.3583|2.6532|71.3522|1.0570
84|2021-07-04|14:37:55|4C38-41-20210704_143755-R_Astrodon_2018_calib.fits|4C38-41|16 35 15.50|+38 08 04.0|248.8146|38.1344|1034.7652|1058.6090|R_Astrodon_2018|2459400.1096643517|180.0|21.3647|2.4878|70.8836|1.0601
85|2021-07-04|14:56:49|4C51-37-20210704_145644-R_Astrodon_2018_calib.fits|4C51-37|17 40 37.00|+52 11 43.0|265.1542|52.1953|1033.7736|1044.8308|R_Astrodon_2018|2459400.1227893517|180.0|21.6590|3.1985|61.1954|1.1412
86|2021-07-04|15:00:08|4C51-37-20210704_150007-R_Astrodon_2018_calib.fits|4C51-37|17 40 37.00|+52 11 43.0|265.1542|52.1953|1032.8304|1044.1393|R_Astrodon_2018|2459400.1250925926|180.0|21.6670|2.9751|61.1416|1.1419
87|2021-07-04|15:40:21|BL-Lacertae-20210704_154016-R_Astrodon_2018_calib.fits|BL-Lacertae|22 02 43.30|+42 16 40.0|330.6804|42.2778|1039.3721|1058.1171|R_Astrodon_2018|2459400.153020833|180.0|21.6014|3.2223|43.4066|1.4431
88|2021-07-04|15:43:39|BL-Lacertae-20210704_154339-R_Astrodon_2018_calib.fits|BL-Lacertae|22 02 43.30|+42 16 40.0|330.6804|42.2778|1040.8600|1058.9358|R_Astrodon_2018|2459400.1553125|180.0|21.6036|3.0052|44.0139|1.4276
89|2021-07-04|15:25:23|CTA102-20210704_152518-R_Astrodon_2018_calib.fits|CTA102|22 32 36.40|+11 43 51.0|338.1517|11.7308|1052.2259|1102.3484|R_Astrodon_2018|2459400.1426273147|180.0|21.1663|3.5885|29.1906|2.0115
90|2021-07-04|15:28:42|CTA102-20210704_152841-R_Astrodon_2018_calib.fits|CTA102|22 32 36.40|+11 43 51.0|338.1517|11.7308|1052.7372|1101.0824|R_Astrodon_2018|2459400.1449305555|180.0|21.2127|3.5492|29.9532|1.9665
91|2021-07-04|14:17:35|DA406-20210704_141729-R_Astrodon_2018_calib.fits|DA406|16 13 41.00|+34 12 48.0|243.4208|34.2133|1029.7367|1066.1233|R_Astrodon_2018|2459400.0955439815|180.0|21.5254|2.4063|73.2878|1.0459
92|2021-07-04|14:21:04|DA406-20210704_142104-R_Astrodon_2018_calib.fits|DA406|16 13 41.00|+34 12 48.0|243.4208|34.2133|1029.1541|1066.3314|R_Astrodon_2018|2459400.097962963|180.0|21.5110|2.6731|72.6979|1.0493
93|2021-07-04|15:48:12|ES2344+514-20210704_154807-R_Astrodon_2018_calib.fits|ES2344+514|23 47 04.00|+51 42 18.0|356.7667|51.7050|999.9011|1022.0577|R_Astrodon_2018|2459400.1584722223|180.0|21.7629|3.6514|26.7695|2.1877
94|2021-07-04|15:51:32|ES2344+514-20210704_155132-R_Astrodon_2018_calib.fits|ES2344+514|23 47 04.00|+51 42 18.0|356.7667|51.7050|999.9110|1021.9477|R_Astrodon_2018|2459400.160787037|180.0|21.7638|3.6200|27.2858|2.1505
95|2021-07-04|14:25:47|KS1510-08-20210704_142542-R_Astrodon_2018_calib.fits|KS1510-08|15 12 50.50|-09 06 00.0|228.2104|-9.1000|1011.5623|993.8056|R_Astrodon_2018|2459400.101238426|180.0|21.3010|3.2645|44.8869|1.4255
96|2021-07-04|14:29:06|KS1510-08-20210704_142905-R_Astrodon_2018_calib.fits|KS1510-08|15 12 50.50|-09 06 00.0|228.2104|-9.1000|1011.2985|992.4386|R_Astrodon_2018|2459400.1035416666|180.0|21.3169|2.9565|44.321|1.4400
97|2021-07-04|14:41:52|Mkn501-20210704_144152-R_Astrodon_2018_calib.fits|Mkn501|16 53 52.20|+39 45 37.0|253.4675|39.7603|1022.5500|1028.6358|R_Astrodon_2018|2459400.1124074073|180.0|21.5472|2.7110|71.3655|1.0566
98|2021-07-04|14:45:10|Mkn501-20210704_144510-R_Astrodon_2018_calib.fits|Mkn501|16 53 52.20|+39 45 37.0|253.4675|39.7603|1022.2703|1028.0256|R_Astrodon_2018|2459400.114699074|180.0|21.5422|2.6311|71.0166|1.0589
99|2021-07-04|14:09:21|ON231-20210704_140915-R_Astrodon_2018_calib.fits|ON231|12 21 31.70|+28 13 59.0|185.3821|28.2331|1030.5098|1026.9750|R_Astrodon_2018|2459400.0898263888|180.0|21.3432|3.9094|27.15|2.2188
100|2021-07-04|14:12:39|ON231-20210704_141238-R_Astrodon_2018_calib.fits|ON231|12 21 31.70|+28 13 59.0|185.3821|28.2331|1030.8778|1028.1912|R_Astrodon_2018|2459400.0921180556|180.0|21.2997|3.8768|26.4416|2.2743
101|2021-07-07|15:49:01|3C345-20210707_154900-R_Astrodon_2018_calib.fits|3C345|16 42 58.80|+39 48 37.0|250.7450|39.8103|1020.2303|1025.8752|R_Astrodon_2018|2459403.1590393516|180.0|21.0802|2.5000|57.6147|1.1892
102|2021-07-07|15:52:18|3C345-20210707_155218-R_Astrodon_2018_calib.fits|3C345|16 42 58.80|+39 48 37.0|250.7450|39.8103|1019.5829|1025.3722|R_Astrodon_2018|2459403.1613194444|180.0|21.0923|2.3734|57.0199|1.1973
103|2021-07-07|16:04:29|3C371-20210707_160423-R_Astrodon_2018_calib.fits|3C371|18 06 50.70|+69 49 28.0|271.7112|69.8244|1053.9278|1031.3312|R_Astrodon_2018|2459403.169780093|180.0|21.5536|2.9451|42.6662|1.4766
104|2021-07-07|16:07:50|3C371-20210707_160749-R_Astrodon_2018_calib.fits|3C371|18 06 50.70|+69 49 28.0|271.7112|69.8244|1052.1444|1030.5234|R_Astrodon_2018|2459403.1721064816|180.0|21.5388|2.8410|42.5634|1.4796
105|2021-07-07|15:35:15|4C38-41-20210707_153510-R_Astrodon_2018_calib.fits|4C38-41|16 35 15.50|+38 08 04.0|248.8146|38.1344|1039.7053|1052.0805|R_Astrodon_2018|2459403.1494791666|180.0|21.3633|2.4684|59.2944|1.1678
106|2021-07-07|15:38:35|4C38-41-20210707_153834-R_Astrodon_2018_calib.fits|4C38-41|16 35 15.50|+38 08 04.0|248.8146|38.1344|1038.6915|1052.1099|R_Astrodon_2018|2459403.1517939814|180.0|21.3628|2.6131|58.6724|1.1755
107|2021-07-07|15:56:51|4C51-37-20210707_155646-R_Astrodon_2018_calib.fits|4C51-37|17 40 37.00|+52 11 43.0|265.1542|52.1953|1039.3605|1040.7977|R_Astrodon_2018|2459403.1644791667|180.0|21.6715|2.5509|57.1798|1.1926
108|2021-07-07|16:00:10|4C51-37-20210707_160010-R_Astrodon_2018_calib.fits|4C51-37|17 40 37.00|+52 11 43.0|265.1542|52.1953|1038.1831|1040.3216|R_Astrodon_2018|2459403.1667824076|180.0|21.6712|2.5286|56.8694|1.1969
109|2021-07-07|15:19:29|DA406-20210707_151923-R_Astrodon_2018_calib.fits|DA406|16 13 41.00|+34 12 48.0|243.4208|34.2133|838.7276|1084.9457|R_Astrodon_2018|2459403.138530093|180.0|21.4822|2.6485|59.2153|1.1691
110|2021-07-07|15:22:48|DA406-20210707_152247-R_Astrodon_2018_calib.fits|DA406|16 13 41.00|+34 12 48.0|243.4208|34.2133|838.1989|1084.5677|R_Astrodon_2018|2459403.140833333|180.0|21.4993|2.5653|58.5409|1.1776
111|2021-07-07|15:27:22|KS1510-08-20210707_152716-R_Astrodon_2018_calib.fits|KS1510-08|15 12 50.50|-09 06 00.0|228.2104|-9.1000|1017.0393|988.3544|R_Astrodon_2018|2459403.1440046295|180.0|21.2349|3.3505|31.0155|1.9612
112|2021-07-07|15:30:40|KS1510-08-20210707_153040-R_Astrodon_2018_calib.fits|KS1510-08|15 12 50.50|-09 06 00.0|228.2104|-9.1000|1017.7832|987.9548|R_Astrodon_2018|2459403.1462962963|180.0|21.2575|2.9842|30.341|2.0011
113|2021-07-07|15:42:10|Mkn501-20210707_154210-R_Astrodon_2018_calib.fits|Mkn501|16 53 52.20|+39 45 37.0|253.4675|39.7603|1024.0752|1029.0571|R_Astrodon_2018|2459403.1542824074|180.0|21.5333|2.6008|60.7808|1.1500
114|2021-07-07|15:45:28|Mkn501-20210707_154528-R_Astrodon_2018_calib.fits|Mkn501|16 53 52.20|+39 45 37.0|253.4675|39.7603|1022.9091|1028.5550|R_Astrodon_2018|2459403.156574074|180.0|21.5452|2.6253|60.2032|1.1567
115|2021-07-08|13:59:19|3C279-20210708_135914-R_Astrodon_2018_calib.fits|3C279|12 56 11.10|-05 47 22.0|194.0462|-5.7894|1008.9545|1018.9875|R_Astrodon_2018|2459404.082858796|180.0|21.0604|3.9262|21.6189|2.7586
116|2021-07-08|14:02:39|3C279-20210708_140238-R_Astrodon_2018_calib.fits|3C279|12 56 11.10|-05 47 22.0|194.0462|-5.7894|1009.5446|1020.3393|R_Astrodon_2018|2459404.085173611|180.0|21.1048|3.7697|20.8846|2.8514
117|2021-07-08|13:51:22|4C29-45-20210708_135116-R_Astrodon_2018_calib.fits|4C29-45|11 59 31.80|+29 14 44.0|179.8825|29.2456|1006.3772|1002.2159|R_Astrodon_2018|2459404.077337963|180.0|21.3617|3.6264|23.2024|2.5738
118|2021-07-08|13:54:41|4C29-45-20210708_135440-R_Astrodon_2018_calib.fits|4C29-45|11 59 31.80|+29 14 44.0|179.8825|29.2456|1007.5330|1003.2004|R_Astrodon_2018|2459404.079641204|180.0|21.3787|3.5358|22.5018|2.6498
119|2021-07-08|14:32:54|4C38-41-20210708_143249-R_Astrodon_2018_calib.fits|4C38-41|16 35 15.50|+38 08 04.0|248.8146|38.1344|1036.7293|1055.0750|R_Astrodon_2018|2459404.1061805557|180.0|21.3336|2.8250|69.3417|1.0709
120|2021-07-08|14:36:13|4C38-41-20210708_143613-R_Astrodon_2018_calib.fits|4C38-41|16 35 15.50|+38 08 04.0|248.8146|38.1344|1035.7598|1055.0315|R_Astrodon_2018|2459404.1084837965|180.0|21.3397|2.8184|68.8372|1.0746
121|2021-07-08|14:16:11|DA406-20210708_141606-R_Astrodon_2018_calib.fits|DA406|16 13 41.00|+34 12 48.0|243.4208|34.2133|1024.9079|1069.8001|R_Astrodon_2018|2459404.0945717595|180.0|21.4367|3.8654|70.7851|1.0614
122|2021-07-08|14:19:30|DA406-20210708_141930-R_Astrodon_2018_calib.fits|DA406|16 13 41.00|+34 12 48.0|243.4208|34.2133|1024.2404|1070.3530|R_Astrodon_2018|2459404.096875|180.0|21.4404|3.1849|70.1808|1.0655
123|2021-07-08|14:24:25|KS1510-08-20210708_142420-R_Astrodon_2018_calib.fits|KS1510-08|15 12 50.50|-09 06 00.0|228.2104|-9.1000|1013.4517|996.5040|R_Astrodon_2018|2459404.100289352|180.0|21.2092|3.4629|42.3854|1.4935
124|2021-07-08|14:27:45|KS1510-08-20210708_142744-R_Astrodon_2018_calib.fits|KS1510-08|15 12 50.50|-09 06 00.0|228.2104|-9.1000|1013.7971|995.2631|R_Astrodon_2018|2459404.1026041666|180.0|21.2121|3.3160|41.7868|1.5110
125|2021-07-08|13:43:34|Mkn421-20210708_134328-R_Astrodon_2018_calib.fits|Mkn421|11 04 27.30|+38 12 32.0|166.1137|38.2089|990.7612|985.5159|R_Astrodon_2018|2459404.0719212964|180.0|21.1269|4.8559|16.2127|3.6299
126|2021-07-08|13:46:52|Mkn421-20210708_134652-R_Astrodon_2018_calib.fits|Mkn421|11 04 27.30|+38 12 32.0|166.1137|38.2089|991.7621|988.1442|R_Astrodon_2018|2459404.0742129628|180.0|21.0959|4.4698|15.5931|3.7709
127|2021-07-08|14:07:18|ON231-20210708_140712-R_Astrodon_2018_calib.fits|ON231|12 21 31.70|+28 13 59.0|185.3821|28.2331|1035.0799|1020.8294|R_Astrodon_2018|2459404.088402778|180.0|21.1957|4.2977|24.2201|2.4714
128|2021-07-08|14:10:37|ON231-20210708_141037-R_Astrodon_2018_calib.fits|ON231|12 21 31.70|+28 13 59.0|185.3821|28.2331|1035.6220|1022.4085|R_Astrodon_2018|2459404.0907060187|180.0|21.2419|3.7940|23.5121|2.5421
129|2021-07-08|13:35:37|S4_0954+65-20210708_133531-R_Astrodon_2018_calib.fits|S4_0954+65|09 58 47.20|+65 33 55.0|149.6967|65.5653|1086.8535|1047.7211|R_Astrodon_2018|2459404.0664004628|180.0|20.7578|5.5490|16.554|3.5117
130|2021-07-08|13:38:56|S4_0954+65-20210708_133855-R_Astrodon_2018_calib.fits|S4_0954+65|09 58 47.20|+65 33 55.0|149.6967|65.5653|1087.4443|1048.4699|R_Astrodon_2018|2459404.0687037036|180.0|20.7024|4.6656|16.2327|3.5782
131|2021-07-09|17:29:23|3C345-20210709_172923-R_Astrodon_2018_calib.fits|3C345|16 42 58.80|+39 48 37.0|250.7450|39.8103|1019.9491|1024.6954|R_Astrodon_2018|2459405.2287384258|180.0|20.9980|2.2502|37.1258|1.6716
132|2021-07-09|17:32:39|3C345-20210709_173239-R_Astrodon_2018_calib.fits|3C345|16 42 58.80|+39 48 37.0|250.7450|39.8103|1020.0457|1026.0267|R_Astrodon_2018|2459405.2310069446|180.0|20.9052|2.2212|36.4969|1.6967
133|2021-07-09|17:44:29|3C371-20210709_174423-R_Astrodon_2018_calib.fits|3C371|18 06 50.70|+69 49 28.0|271.7112|69.8244|1050.1398|1027.5438|R_Astrodon_2018|2459405.239224537|180.0|20.9414|2.4799|37.1967|1.6598
134|2021-07-09|17:47:46|3C371-20210709_174746-R_Astrodon_2018_calib.fits|3C371|18 06 50.70|+69 49 28.0|271.7112|69.8244|1048.4506|1027.2499|R_Astrodon_2018|2459405.2415046296|180.0|21.0236|2.4111|36.9717|1.6686
135|2021-07-09|18:08:01|3C454-3-20210709_180801-R_Astrodon_2018_calib.fits|3C454-3|22 53 57.70|+16 08 54.0|343.4904|16.1483|1025.2868|1022.6716|R_Astrodon_2018|2459405.2555671297|180.0|20.7097|2.2154|67.4475|1.0788
136|2021-07-09|18:11:19|3C454-3-20210709_181118-R_Astrodon_2018_calib.fits|3C454-3|22 53 57.70|+16 08 54.0|343.4904|16.1483|1025.7768|1024.1356|R_Astrodon_2018|2459405.2578587965|180.0|20.6290|2.2236|68.1799|1.0733
137|2021-07-09|18:40:16|3C66A-20210709_184011-R_Astrodon_2018_calib.fits|3C66A|02 22 39.60|+43 02 08.0|35.6650|43.0356|1011.0465|1023.9356|R_Astrodon_2018|2459405.277962963|180.0|20.4030|2.3296|32.4043|1.8451
138|2021-07-09|18:43:35|3C66A-20210709_184334-R_Astrodon_2018_calib.fits|3C66A|02 22 39.60|+43 02 08.0|35.6650|43.0356|1011.7014|1024.3127|R_Astrodon_2018|2459405.280266204|180.0|20.0537|2.1082|33.0113|1.8157
139|2021-07-09|17:15:42|4C38-41-20210709_171541-R_Astrodon_2018_calib.fits|4C38-41|16 35 15.50|+38 08 04.0|248.8146|38.1344|1019.9802|1022.6067|R_Astrodon_2018|2459405.2192361113|180.0|21.2484|2.6902|38.2539|1.6293
140|2021-07-09|17:18:59|4C38-41-20210709_171858-R_Astrodon_2018_calib.fits|4C38-41|16 35 15.50|+38 08 04.0|248.8146|38.1344|1020.0623|1022.9123|R_Astrodon_2018|2459405.2215162036|180.0|21.2715|2.3646|37.6068|1.6534
141|2021-07-09|17:36:52|4C51-37-20210709_173647-R_Astrodon_2018_calib.fits|4C51-37|17 40 37.00|+52 11 43.0|265.1542|52.1953|1029.0792|1030.7646|R_Astrodon_2018|2459405.2339351852|180.0|21.2649|2.1929|43.8068|1.4530
142|2021-07-09|17:40:10|4C51-37-20210709_174010-R_Astrodon_2018_calib.fits|4C51-37|17 40 37.00|+52 11 43.0|265.1542|52.1953|1027.9725|1031.1155|R_Astrodon_2018|2459405.236226852|180.0|21.2519|2.2295|43.328|1.4659
143|2021-07-09|18:32:38|AO0235+16-20210709_183233-R_Astrodon_2018_calib.fits|AO0235+16|02 38 38.90|+16 36 59.0|39.6621|16.6164|977.6368|949.1475|R_Astrodon_2018|2459405.272662037|180.0|20.9575|2.9358|22.0296|2.6011
144|2021-07-09|18:35:55|AO0235+16-20210709_183555-R_Astrodon_2018_calib.fits|AO0235+16|02 38 38.90|+16 36 59.0|39.6621|16.6164|976.1136|947.1278|R_Astrodon_2018|2459405.27494213|180.0|21.0328|2.5377|22.7751|2.5232
145|2021-07-09|18:16:48|BL-Lacertae-20210709_181643-R_Astrodon_2018_calib.fits|BL-Lacertae|22 02 43.30|+42 16 40.0|330.6804|42.2778|1035.8501|1070.2984|R_Astrodon_2018|2459405.2616666667|180.0|21.0449|1.9114|70.132|1.0628
146|2021-07-09|18:20:10|BL-Lacertae-20210709_182010-R_Astrodon_2018_calib.fits|BL-Lacertae|22 02 43.30|+42 16 40.0|330.6804|42.2778|1035.3342|1071.6049|R_Astrodon_2018|2459405.2640046296|180.0|21.1080|2.2624|70.3466|1.0615
147|2021-07-09|18:01:02|CTA102-20210709_180057-R_Astrodon_2018_calib.fits|CTA102|22 32 36.40|+11 43 51.0|338.1517|11.7308|973.7704|1055.3308|R_Astrodon_2018|2459405.2507175924|180.0|21.1150|2.3313|68.3609|1.0722
148|2021-07-09|18:04:26|CTA102-20210709_180426-R_Astrodon_2018_calib.fits|CTA102|22 32 36.40|+11 43 51.0|338.1517|11.7308|974.7091|1057.1112|R_Astrodon_2018|2459405.253078704|180.0|21.0593|2.3299|69.0364|1.0675
149|2021-07-09|17:08:46|DA406-20210709_170841-R_Astrodon_2018_calib.fits|DA406|16 13 41.00|+34 12 48.0|243.4208|34.2133|974.4975|996.1040|R_Astrodon_2018|2459405.2144212965|180.0|21.3542|2.7350|35.0384|1.7597
150|2021-07-09|17:12:04|DA406-20210709_171204-R_Astrodon_2018_calib.fits|DA406|16 13 41.00|+34 12 48.0|243.4208|34.2133|974.5982|995.8843|R_Astrodon_2018|2459405.216712963|180.0|21.3481|2.7344|34.3588|1.7903
151|2021-07-09|18:24:39|ES2344+514-20210709_182434-R_Astrodon_2018_calib.fits|ES2344+514|23 47 04.00|+51 42 18.0|356.7667|51.7050|1028.9780|1002.9367|R_Astrodon_2018|2459405.2671180554|180.0|21.1568|1.9785|52.71|1.2533
152|2021-07-09|18:27:59|ES2344+514-20210709_182759-R_Astrodon_2018_calib.fits|ES2344+514|23 47 04.00|+51 42 18.0|356.7667|51.7050|1029.4696|1003.5485|R_Astrodon_2018|2459405.26943287|180.0|21.2910|1.9611|53.1204|1.2467
153|2021-07-09|17:22:33|Mkn501-20210709_172233-R_Astrodon_2018_calib.fits|Mkn501|16 53 52.20|+39 45 37.0|253.4675|39.7603|1020.8458|1023.6727|R_Astrodon_2018|2459405.2239930555|180.0|21.4723|2.2977|40.5341|1.5511
154|2021-07-09|17:25:50|Mkn501-20210709_172550-R_Astrodon_2018_calib.fits|Mkn501|16 53 52.20|+39 45 37.0|253.4675|39.7603|1020.6802|1024.6603|R_Astrodon_2018|2459405.2262731483|180.0|21.4770|2.2203|39.9016|1.5719
155|2021-07-09|17:53:13|PKS2155-304-20210709_175308-R_Astrodon_2018_calib.fits|PKS2155-304|21 58 52.00|-30 13 32.0|329.7167|-30.2256|1153.3867|1097.0040|R_Astrodon_2018|2459405.245289352|180.0|21.3720|2.8519|34.95|1.7324
156|2021-07-09|17:56:31|PKS2155-304-20210709_175631-R_Astrodon_2018_calib.fits|PKS2155-304|21 58 52.00|-30 13 32.0|329.7167|-30.2256|1151.7231|1097.7366|R_Astrodon_2018|2459405.2475810186|180.0|21.3925|2.7181|35.1197|1.7255
157|2021-07-10|15:01:32|3C345-20210710_150132-R_Astrodon_2018_calib.fits|3C345|16 42 58.80|+39 48 37.0|250.7450|39.8103|1021.8929|1021.6093|R_Astrodon_2018|2459406.1260648146|180.0|20.1062|2.3033|63.8082|1.1178
158|2021-07-10|15:04:50|3C345-20210710_150449-R_Astrodon_2018_calib.fits|3C345|16 42 58.80|+39 48 37.0|250.7450|39.8103|1021.2520|1020.8638|R_Astrodon_2018|2459406.1283564814|180.0|19.9885|2.3759|63.2619|1.1232
159|2021-07-10|16:27:43|3C345-20210710_162742-R_Astrodon_2018_calib.fits|3C345|16 42 58.80|+39 48 37.0|250.7450|39.8103|1019.8986|1024.2665|R_Astrodon_2018|2459406.185914352|180.0|19.5588|3.2518|48.2063|1.3496
160|2021-07-10|16:31:00|3C345-20210710_163059-R_Astrodon_2018_calib.fits|3C345|16 42 58.80|+39 48 37.0|250.7450|39.8103|1019.6486|1024.1802|R_Astrodon_2018|2459406.1881944444|180.0|19.4641|3.2777|47.5811|1.3632
161|2021-07-10|16:42:58|3C371-20210710_164253-R_Astrodon_2018_calib.fits|3C371|18 06 50.70|+69 49 28.0|271.7112|69.8244|1053.9876|1027.5451|R_Astrodon_2018|2459406.1965046297|180.0|20.1741|2.9741|40.634|1.5387
162|2021-07-10|16:46:16|3C371-20210710_164615-R_Astrodon_2018_calib.fits|3C371|18 06 50.70|+69 49 28.0|271.7112|69.8244|1052.2970|1027.0692|R_Astrodon_2018|2459406.1987962965|180.0|19.3814|2.8229|40.4663|1.5441
163|2021-07-10|17:06:24|3C454-3-20210710_170623-R_Astrodon_2018_calib.fits|3C454-3|22 53 57.70|+16 08 54.0|343.4904|16.1483|1021.9640|1021.9756|R_Astrodon_2018|2459406.2127777776|180.0|20.2348|2.8416|54.3734|1.2221
164|2021-07-10|17:09:40|3C454-3-20210710_170940-R_Astrodon_2018_calib.fits|3C454-3|22 53 57.70|+16 08 54.0|343.4904|16.1483|1022.5336|1022.4961|R_Astrodon_2018|2459406.2150462964|180.0|20.3036|2.9399|55.1216|1.2110
165|2021-07-10|17:29:50|3C66A-20210710_172945-R_Astrodon_2018_calib.fits|3C66A|02 22 39.60|+43 02 08.0|35.6650|43.0356|989.5982|1003.3333|R_Astrodon_2018|2459406.229050926|180.0|20.7749|3.9573|20.3651|2.8114
166|2021-07-10|17:33:08|3C66A-20210710_173308-R_Astrodon_2018_calib.fits|3C66A|02 22 39.60|+43 02 08.0|35.6650|43.0356|988.0477|1001.3940|R_Astrodon_2018|2459406.2313425927|180.0|20.8923|3.8722|20.9535|2.7383
167|2021-07-10|14:47:53|4C38-41-20210710_144748-R_Astrodon_2018_calib.fits|4C38-41|16 35 15.50|+38 08 04.0|248.8146|38.1344|1027.6272|1034.0229|R_Astrodon_2018|2459406.116585648|180.0|21.0130|2.9905|65.6639|1.1006
168|2021-07-10|14:51:10|4C38-41-20210710_145110-R_Astrodon_2018_calib.fits|4C38-41|16 35 15.50|+38 08 04.0|248.8146|38.1344|1026.8631|1033.5316|R_Astrodon_2018|2459406.118865741|180.0|20.9270|2.8298|65.1025|1.1057
169|2021-07-10|16:14:01|4C38-41-20210710_161356-R_Astrodon_2018_calib.fits|4C38-41|16 35 15.50|+38 08 04.0|248.8146|38.1344|1034.4915|1037.6842|R_Astrodon_2018|2459406.176400463|180.0|20.0656|3.1372|49.6109|1.3209
170|2021-07-10|16:17:18|4C38-41-20210710_161718-R_Astrodon_2018_calib.fits|4C38-41|16 35 15.50|+38 08 04.0|248.8146|38.1344|1033.3255|1037.5172|R_Astrodon_2018|2459406.1786805554|180.0|20.3769|3.1547|48.9695|1.3338
171|2021-07-10|16:35:20|4C51-37-20210710_163515-R_Astrodon_2018_calib.fits|4C51-37|17 40 37.00|+52 11 43.0|265.1542|52.1953|1039.6577|1035.9108|R_Astrodon_2018|2459406.1912037036|180.0|20.6003|3.0024|51.6462|1.2801
172|2021-07-10|16:38:38|4C51-37-20210710_163838-R_Astrodon_2018_calib.fits|4C51-37|17 40 37.00|+52 11 43.0|265.1542|52.1953|1038.3148|1035.7488|R_Astrodon_2018|2459406.1934953704|180.0|20.5830|3.0057|51.2312|1.2876
173|2021-07-10|17:14:16|BL-Lacertae-20210710_171410-R_Astrodon_2018_calib.fits|BL-Lacertae|22 02 43.30|+42 16 40.0|330.6804|42.2778|1042.6390|1062.8513|R_Astrodon_2018|2459406.2182407407|180.0|20.9958|2.6667|63.5639|1.1140
174|2021-07-10|17:17:36|BL-Lacertae-20210710_171735-R_Astrodon_2018_calib.fits|BL-Lacertae|22 02 43.30|+42 16 40.0|330.6804|42.2778|1043.9996|1064.4830|R_Astrodon_2018|2459406.2205555555|180.0|21.0754|2.4945|64.0446|1.1096
175|2021-07-10|16:59:31|CTA102-20210710_165926-R_Astrodon_2018_calib.fits|CTA102|22 32 36.40|+11 43 51.0|338.1517|11.7308|967.5746|1049.4182|R_Astrodon_2018|2459406.2079976853|180.0|20.5556|2.9446|56.0356|1.1982
176|2021-07-10|17:02:48|CTA102-20210710_170248-R_Astrodon_2018_calib.fits|CTA102|22 32 36.40|+11 43 51.0|338.1517|11.7308|968.6740|1050.4508|R_Astrodon_2018|2459406.2102777776|180.0|20.5763|2.7675|56.7661|1.1883
177|2021-07-10|14:38:53|DA406-20210710_143848-R_Astrodon_2018_calib.fits|DA406|16 13 41.00|+34 12 48.0|243.4208|34.2133|1006.7733|985.7813|R_Astrodon_2018|2459406.110335648|180.0|21.0531|3.1571|64.9827|1.1074
178|2021-07-10|14:42:11|DA406-20210710_144210-R_Astrodon_2018_calib.fits|DA406|16 13 41.00|+34 12 48.0|243.4208|34.2133|1006.5890|985.8365|R_Astrodon_2018|2459406.112627315|180.0|21.0512|3.4089|64.3324|1.1134
179|2021-07-10|15:58:21|DA406-20210710_155816-R_Astrodon_2018_calib.fits|DA406|16 13 41.00|+34 12 48.0|243.4208|34.2133|998.6360|996.0274|R_Astrodon_2018|2459406.1655208333|180.0|20.7228|3.3632|48.7981|1.3380
180|2021-07-10|16:01:39|DA406-20210710_160139-R_Astrodon_2018_calib.fits|DA406|16 13 41.00|+34 12 48.0|243.4208|34.2133|998.7435|995.9676|R_Astrodon_2018|2459406.1678125|180.0|20.8118|3.2090|48.1146|1.3524
181|2021-07-10|17:21:58|ES2344+514-20210710_172153-R_Astrodon_2018_calib.fits|ES2344+514|23 47 04.00|+51 42 18.0|356.7667|51.7050|1007.9130|1004.8523|R_Astrodon_2018|2459406.223587963|180.0|21.3330|3.0203|44.7097|1.4138
182|2021-07-10|17:25:17|ES2344+514-20210710_172517-R_Astrodon_2018_calib.fits|ES2344+514|23 47 04.00|+51 42 18.0|356.7667|51.7050|1009.0037|1005.4404|R_Astrodon_2018|2459406.2258912036|180.0|21.4511|3.1002|45.1911|1.4022
183|2021-07-10|16:06:09|KS1510-08-20210710_160604-R_Astrodon_2018_calib.fits|KS1510-08|15 12 50.50|-09 06 00.0|228.2104|-9.1000|1022.5307|1003.3441|R_Astrodon_2018|2459406.1709375|180.0|19.6596|4.4679|20.3745|2.9168
184|2021-07-10|16:09:27|KS1510-08-20210710_160927-R_Astrodon_2018_calib.fits|KS1510-08|15 12 50.50|-09 06 00.0|228.2104|-9.1000|1023.5889|1003.8315|R_Astrodon_2018|2459406.173229167|180.0|19.4580|4.6684|19.6614|3.0188
185|2021-07-10|14:54:44|Mkn501-20210710_145444-R_Astrodon_2018_calib.fits|Mkn501|16 53 52.20|+39 45 37.0|253.4675|39.7603|1024.1468|1025.8267|R_Astrodon_2018|2459406.1213425924|180.0|21.1083|2.7448|66.6321|1.0920
186|2021-07-10|14:58:01|Mkn501-20210710_145800-R_Astrodon_2018_calib.fits|Mkn501|16 53 52.20|+39 45 37.0|253.4675|39.7603|1023.7075|1025.0172|R_Astrodon_2018|2459406.123622685|180.0|21.0364|2.7009|66.1306|1.0963
187|2021-07-10|16:20:53|Mkn501-20210710_162053-R_Astrodon_2018_calib.fits|Mkn501|16 53 52.20|+39 45 37.0|253.4675|39.7603|1023.2038|1027.1830|R_Astrodon_2018|2459406.1811689814|180.0|20.4774|3.0917|51.565|1.2838
188|2021-07-10|16:24:11|Mkn501-20210710_162410-R_Astrodon_2018_calib.fits|Mkn501|16 53 52.20|+39 45 37.0|253.4675|39.7603|1022.4403|1026.7329|R_Astrodon_2018|2459406.183460648|180.0|20.3347|2.9963|50.9431|1.2951
189|2021-07-10|16:51:42|PKS2155-304-20210710_165137-R_Astrodon_2018_calib.fits|PKS2155-304|21 58 52.00|-30 13 32.0|329.7167|-30.2256|1138.8209|1085.0541|R_Astrodon_2018|2459406.2025694447|180.0|20.1694|3.7481|30.3435|1.9559
190|2021-07-10|16:55:00|PKS2155-304-20210710_165500-R_Astrodon_2018_calib.fits|PKS2155-304|21 58 52.00|-30 13 32.0|329.7167|-30.2256|1138.0751|1084.5717|R_Astrodon_2018|2459406.204861111|180.0|20.4565|3.8007|30.6851|1.9369
191|2021-07-11|16:09:06|3C345-20210711_160905-R_Astrodon_2018_calib.fits|3C345|16 42 58.80|+39 48 37.0|250.7450|39.8103|1022.9568|1023.6750|R_Astrodon_2018|2459407.172986111|180.0|20.7057|2.2816|50.9878|1.2942
192|2021-07-11|16:12:24|3C345-20210711_161223-R_Astrodon_2018_calib.fits|3C345|16 42 58.80|+39 48 37.0|250.7450|39.8103|1022.4027|1023.5712|R_Astrodon_2018|2459407.175277778|180.0|20.7125|2.2419|50.3651|1.3060
193|2021-07-11|16:24:27|3C371-20210711_162422-R_Astrodon_2018_calib.fits|3C371|18 06 50.70|+69 49 28.0|271.7112|69.8244|1055.9774|1028.0556|R_Astrodon_2018|2459407.1836458333|180.0|21.0628|2.9082|41.3272|1.5169
194|2021-07-11|16:27:46|3C371-20210711_162745-R_Astrodon_2018_calib.fits|3C371|18 06 50.70|+69 49 28.0|271.7112|69.8244|1054.6994|1027.6807|R_Astrodon_2018|2459407.185949074|180.0|21.0793|2.6410|41.1766|1.5215
195|2021-07-11|16:47:56|3C454-3-20210711_164755-R_Astrodon_2018_calib.fits|3C454-3|22 53 57.70|+16 08 54.0|343.4904|16.1483|1020.8395|1022.3423|R_Astrodon_2018|2459407.1999537037|180.0|20.6063|2.5428|51.0394|1.2763
196|2021-07-11|16:51:13|3C454-3-20210711_165113-R_Astrodon_2018_calib.fits|3C454-3|22 53 57.70|+16 08 54.0|343.4904|16.1483|1021.5257|1022.5238|R_Astrodon_2018|2459407.2022337965|180.0|20.6492|2.4550|51.7931|1.2632
197|2021-07-11|17:11:27|3C66A-20210711_171122-R_Astrodon_2018_calib.fits|3C66A|02 22 39.60|+43 02 08.0|35.6650|43.0356|995.2662|1010.0664|R_Astrodon_2018|2459407.216284722|180.0|20.2004|3.5074|17.8038|3.1850
198|2021-07-11|17:14:47|3C66A-20210711_171446-R_Astrodon_2018_calib.fits|3C66A|02 22 39.60|+43 02 08.0|35.6650|43.0356|993.5005|1007.6373|R_Astrodon_2018|2459407.218599537|180.0|20.5922|3.3348|18.3922|3.0906
199|2021-07-11|15:55:22|4C38-41-20210711_155517-R_Astrodon_2018_calib.fits|4C38-41|16 35 15.50|+38 08 04.0|248.8146|38.1344|1029.7674|1036.9845|R_Astrodon_2018|2459407.163449074|180.0|21.2426|2.7381|52.4725|1.2678
200|2021-07-11|15:58:41|4C38-41-20210711_155840-R_Astrodon_2018_calib.fits|4C38-41|16 35 15.50|+38 08 04.0|248.8146|38.1344|1029.2854|1037.9697|R_Astrodon_2018|2459407.165752315|180.0|21.2230|2.5485|51.8298|1.2790
201|2021-07-11|16:16:47|4C51-37-20210711_161642-R_Astrodon_2018_calib.fits|4C51-37|17 40 37.00|+52 11 43.0|265.1542|52.1953|1043.1858|1034.1369|R_Astrodon_2018|2459407.178321759|180.0|21.1893|2.2743|53.4179|1.2495
202|2021-07-11|16:20:06|4C51-37-20210711_162006-R_Astrodon_2018_calib.fits|4C51-37|17 40 37.00|+52 11 43.0|265.1542|52.1953|1042.4750|1034.0722|R_Astrodon_2018|2459407.180625|180.0|21.2339|2.4231|53.026|1.2560
203|2021-07-11|16:55:50|BL-Lacertae-20210711_165545-R_Astrodon_2018_calib.fits|BL-Lacertae|22 02 43.30|+42 16 40.0|330.6804|42.2778|1042.2751|1061.1682|R_Astrodon_2018|2459407.205439815|180.0|20.8938|2.4555|61.3753|1.1358
204|2021-07-11|16:59:09|BL-Lacertae-20210711_165908-R_Astrodon_2018_calib.fits|BL-Lacertae|22 02 43.30|+42 16 40.0|330.6804|42.2778|1043.4693|1062.3492|R_Astrodon_2018|2459407.2077430557|180.0|20.9167|2.1235|61.8887|1.1305
205|2021-07-11|16:41:02|CTA102-20210711_164057-R_Astrodon_2018_calib.fits|CTA102|22 32 36.40|+11 43 51.0|338.1517|11.7308|964.5903|1046.5418|R_Astrodon_2018|2459407.195162037|180.0|21.1321|2.5218|52.7764|1.2469
206|2021-07-11|16:44:20|CTA102-20210711_164420-R_Astrodon_2018_calib.fits|CTA102|22 32 36.40|+11 43 51.0|338.1517|11.7308|965.5616|1047.1062|R_Astrodon_2018|2459407.1974537037|180.0|21.0562|2.4746|53.5184|1.2351
207|2021-07-11|15:13:36|DA406-20210711_151331-R_Astrodon_2018_calib.fits|DA406|16 13 41.00|+34 12 48.0|243.4208|34.2133|1003.9329|1068.7272|R_Astrodon_2018|2459407.1344444444|180.0|20.1525|2.5906|57.2092|1.1952
208|2021-07-11|15:39:39|DA406-20210711_153934-R_Astrodon_2018_calib.fits|DA406|16 13 41.00|+34 12 48.0|243.4208|34.2133|1003.5727|1003.1947|R_Astrodon_2018|2459407.1525347224|180.0|21.1593|2.5291|51.8528|1.2792
209|2021-07-11|15:42:57|DA406-20210711_154257-R_Astrodon_2018_calib.fits|DA406|16 13 41.00|+34 12 48.0|243.4208|34.2133|1003.6426|1002.7267|R_Astrodon_2018|2459407.1548263887|180.0|21.1510|2.4463|51.171|1.2915
210|2021-07-11|17:03:34|ES2344+514-20210711_170329-R_Astrodon_2018_calib.fits|ES2344+514|23 47 04.00|+51 42 18.0|356.7667|51.7050|1002.6062|1004.9226|R_Astrodon_2018|2459407.2108101854|180.0|21.2693|2.3787|42.5807|1.4689
211|2021-07-11|17:06:54|ES2344+514-20210711_170654-R_Astrodon_2018_calib.fits|ES2344+514|23 47 04.00|+51 42 18.0|356.7667|51.7050|1003.5728|1004.9327|R_Astrodon_2018|2459407.213125|180.0|21.3588|2.4049|43.075|1.4556
212|2021-07-11|15:47:30|KS1510-08-20210711_154725-R_Astrodon_2018_calib.fits|KS1510-08|15 12 50.50|-09 06 00.0|228.2104|-9.1000|1021.0586|998.6529|R_Astrodon_2018|2459407.157986111|180.0|20.7190|3.3464|23.5305|2.5397
213|2021-07-11|15:50:49|KS1510-08-20210711_155049-R_Astrodon_2018_calib.fits|KS1510-08|15 12 50.50|-09 06 00.0|228.2104|-9.1000|1021.1777|998.9167|R_Astrodon_2018|2459407.160289352|180.0|20.6950|3.3029|22.823|2.6143
214|2021-07-11|16:02:16|Mkn501-20210711_160215-R_Astrodon_2018_calib.fits|Mkn501|16 53 52.20|+39 45 37.0|253.4675|39.7603|1024.2947|1025.8223|R_Astrodon_2018|2459407.168240741|180.0|21.4129|2.1658|54.3102|1.2373
215|2021-07-11|16:05:33|Mkn501-20210711_160533-R_Astrodon_2018_calib.fits|Mkn501|16 53 52.20|+39 45 37.0|253.4675|39.7603|1024.1213|1026.1677|R_Astrodon_2018|2459407.170520833|180.0|21.3073|2.2423|53.6999|1.2471
216|2021-07-11|16:33:13|PKS2155-304-20210711_163307-R_Astrodon_2018_calib.fits|PKS2155-304|21 58 52.00|-30 13 32.0|329.7167|-30.2256|1143.2738|1097.2285|R_Astrodon_2018|2459407.1897337963|180.0|21.2748|2.7900|28.7373|2.0520
217|2021-07-11|16:36:31|PKS2155-304-20210711_163631-R_Astrodon_2018_calib.fits|PKS2155-304|21 58 52.00|-30 13 32.0|329.7167|-30.2256|1142.3441|1096.8488|R_Astrodon_2018|2459407.192025463|180.0|21.2721|2.9283|29.1154|2.0283
218|2021-07-12|16:22:07|3C345-20210712_162207-R_Astrodon_2018_calib.fits|3C345|16 42 58.80|+39 48 37.0|250.7450|39.8103|1020.7154|1025.6191|R_Astrodon_2018|2459408.182025463|180.0|20.8919|2.0034|47.7754|1.3590
219|2021-07-12|16:25:25|3C345-20210712_162525-R_Astrodon_2018_calib.fits|3C345|16 42 58.80|+39 48 37.0|250.7450|39.8103|1020.4618|1025.7272|R_Astrodon_2018|2459408.1843171297|180.0|20.9057|2.1161|47.1463|1.3730
220|2021-07-12|16:37:19|3C371-20210712_163714-R_Astrodon_2018_calib.fits|3C371|18 06 50.70|+69 49 28.0|271.7112|69.8244|1055.7019|1025.5153|R_Astrodon_2018|2459408.1925810184|180.0|21.2810|2.2311|40.5219|1.5423
221|2021-07-12|16:40:37|3C371-20210712_164037-R_Astrodon_2018_calib.fits|3C371|18 06 50.70|+69 49 28.0|271.7112|69.8244|1054.2744|1025.2992|R_Astrodon_2018|2459408.1948726852|180.0|21.2956|2.2837|40.3516|1.5478
222|2021-07-12|17:00:45|3C454-3-20210712_170044-R_Astrodon_2018_calib.fits|3C454-3|22 53 57.70|+16 08 54.0|343.4904|16.1483|1022.0779|1021.9187|R_Astrodon_2018|2459408.208854167|180.0|20.8330|2.2104|54.8804|1.2146
223|2021-07-12|17:04:02|3C454-3-20210712_170401-R_Astrodon_2018_calib.fits|3C454-3|22 53 57.70|+16 08 54.0|343.4904|16.1483|1022.5894|1022.6456|R_Astrodon_2018|2459408.211134259|180.0|20.8275|2.2805|55.6321|1.2038
224|2021-07-12|17:24:07|3C66A-20210712_172402-R_Astrodon_2018_calib.fits|3C66A|02 22 39.60|+43 02 08.0|35.6650|43.0356|985.9478|1001.1722|R_Astrodon_2018|2459408.2250810186|180.0|21.3496|3.1331|20.7478|2.7632
225|2021-07-12|17:27:25|3C66A-20210712_172725-R_Astrodon_2018_calib.fits|3C66A|02 22 39.60|+43 02 08.0|35.6650|43.0356|984.8470|999.3402|R_Astrodon_2018|2459408.227372685|180.0|21.3931|2.9826|21.337|2.6928
226|2021-07-12|16:08:25|4C38-41-20210712_160820-R_Astrodon_2018_calib.fits|4C38-41|16 35 15.50|+38 08 04.0|248.8146|38.1344|1029.5004|1031.6864|R_Astrodon_2018|2459408.172511574|180.0|21.0731|2.1062|49.1688|1.3298
227|2021-07-12|16:11:43|4C38-41-20210712_161143-R_Astrodon_2018_calib.fits|4C38-41|16 35 15.50|+38 08 04.0|248.8146|38.1344|1028.5990|1032.0691|R_Astrodon_2018|2459408.1748032407|180.0|21.0623|2.0801|48.5235|1.3431
228|2021-07-12|16:29:45|4C51-37-20210712_162940-R_Astrodon_2018_calib.fits|4C51-37|17 40 37.00|+52 11 43.0|265.1542|52.1953|1039.5519|1034.3202|R_Astrodon_2018|2459408.187326389|180.0|21.5141|2.1812|51.36|1.2853
229|2021-07-12|16:33:02|4C51-37-20210712_163302-R_Astrodon_2018_calib.fits|4C51-37|17 40 37.00|+52 11 43.0|265.1542|52.1953|1038.4445|1034.2222|R_Astrodon_2018|2459408.1896064817|180.0|21.5179|2.0851|50.9436|1.2929
230|2021-07-12|17:08:38|BL-Lacertae-20210712_170833-R_Astrodon_2018_calib.fits|BL-Lacertae|22 02 43.30|+42 16 40.0|330.6804|42.2778|1041.0201|1062.4982|R_Astrodon_2018|2459408.214328704|180.0|21.4673|2.5343|63.8865|1.1110
231|2021-07-12|17:11:56|BL-Lacertae-20210712_171156-R_Astrodon_2018_calib.fits|BL-Lacertae|22 02 43.30|+42 16 40.0|330.6804|42.2778|1041.3226|1064.1618|R_Astrodon_2018|2459408.2166203703|180.0|21.4848|2.4426|64.3562|1.1068
232|2021-07-12|16:53:52|CTA102-20210712_165347-R_Astrodon_2018_calib.fits|CTA102|22 32 36.40|+11 43 51.0|338.1517|11.7308|967.2988|1050.5414|R_Astrodon_2018|2459408.204074074|180.0|21.2002|2.4233|56.5283|1.1915
233|2021-07-12|16:57:09|CTA102-20210712_165709-R_Astrodon_2018_calib.fits|CTA102|22 32 36.40|+11 43 51.0|338.1517|11.7308|968.3413|1051.5222|R_Astrodon_2018|2459408.206354167|180.0|21.1977|2.2116|57.2573|1.1819
234|2021-07-12|15:52:46|DA406-20210712_155241-R_Astrodon_2018_calib.fits|DA406|16 13 41.00|+34 12 48.0|243.4208|34.2133|975.6816|984.1233|R_Astrodon_2018|2459408.1616435186|180.0|21.2269|2.3085|48.3258|1.3480
235|2021-07-12|15:56:04|DA406-20210712_155604-R_Astrodon_2018_calib.fits|DA406|16 13 41.00|+34 12 48.0|243.4208|34.2133|974.7087|983.7746|R_Astrodon_2018|2459408.1639351854|180.0|21.2191|2.1535|47.6422|1.3627
236|2021-07-12|17:16:15|ES2344+514-20210712_171610-R_Astrodon_2018_calib.fits|ES2344+514|23 47 04.00|+51 42 18.0|356.7667|51.7050|1006.1009|1002.9235|R_Astrodon_2018|2459408.2196180555|180.0|21.6417|2.6389|45.0217|1.4062
237|2021-07-12|17:19:34|ES2344+514-20210712_171934-R_Astrodon_2018_calib.fits|ES2344+514|23 47 04.00|+51 42 18.0|356.7667|51.7050|1007.3282|1003.6029|R_Astrodon_2018|2459408.2219212963|180.0|21.6255|2.1957|45.5013|1.3949
238|2021-07-12|16:00:36|KS1510-08-20210712_160030-R_Astrodon_2018_calib.fits|KS1510-08|15 12 50.50|-09 06 00.0|228.2104|-9.1000|1015.3166|1004.7616|R_Astrodon_2018|2459408.1670833332|180.0|20.8346|2.5353|19.8747|2.9875
239|2021-07-12|16:03:54|KS1510-08-20210712_160353-R_Astrodon_2018_calib.fits|KS1510-08|15 12 50.50|-09 06 00.0|228.2104|-9.1000|1015.7675|1005.4733|R_Astrodon_2018|2459408.169375|180.0|20.7824|2.5457|19.1603|3.0948
240|2021-07-12|16:15:18|Mkn501-20210712_161517-R_Astrodon_2018_calib.fits|Mkn501|16 53 52.20|+39 45 37.0|253.4675|39.7603|1023.5269|1026.6592|R_Astrodon_2018|2459408.1772916666|180.0|21.3001|2.1219|51.1354|1.2915
241|2021-07-12|16:18:35|Mkn501-20210712_161834-R_Astrodon_2018_calib.fits|Mkn501|16 53 52.20|+39 45 37.0|253.4675|39.7603|1023.1123|1026.6917|R_Astrodon_2018|2459408.1795717594|180.0|21.3235|2.0566|50.5156|1.3032
242|2021-07-12|16:46:04|PKS2155-304-20210712_164559-R_Astrodon_2018_calib.fits|PKS2155-304|21 58 52.00|-30 13 32.0|329.7167|-30.2256|1145.8537|1079.7825|R_Astrodon_2018|2459408.1986574074|180.0|21.2066|2.6104|30.5753|1.9430
243|2021-07-12|16:49:22|PKS2155-304-20210712_164921-R_Astrodon_2018_calib.fits|PKS2155-304|21 58 52.00|-30 13 32.0|329.7167|-30.2256|1145.0315|1080.0324|R_Astrodon_2018|2459408.2009490742|180.0|21.2315|2.3555|30.911|1.9245
244|2021-07-13|13:38:37|3C273-20210713_133832-R_Astrodon_2018_calib.fits|3C273|12 29 06.70|+02 03 09.0|187.2779|2.0525|1017.4834|1031.7182|R_Astrodon_2018|2459409.0684837964|180.0|20.7268|2.4821|19.2177|3.0937
245|2021-07-13|13:41:55|3C273-20210713_134154-R_Astrodon_2018_calib.fits|3C273|12 29 06.70|+02 03 09.0|187.2779|2.0525|1017.7971|1032.9735|R_Astrodon_2018|2459409.070775463|180.0|20.7056|2.4999|18.4633|3.2163
246|2021-07-13|13:23:16|3C279-20210713_132310-R_Astrodon_2018_calib.fits|3C279|12 56 11.10|-05 47 22.0|194.0462|-5.7894|1012.0788|1029.2350|R_Astrodon_2018|2459409.0578240743|180.0|20.9756|2.1761|25.2045|2.3816
247|2021-07-13|13:26:33|3C279-20210713_132632-R_Astrodon_2018_calib.fits|3C279|12 56 11.10|-05 47 22.0|194.0462|-5.7894|1012.4617|1029.3475|R_Astrodon_2018|2459409.0601041666|180.0|20.9554|2.1981|24.4898|2.4472
248|2021-07-13|14:17:13|3C345-20210713_141712-R_Astrodon_2018_calib.fits|3C345|16 42 58.80|+39 48 37.0|250.7450|39.8103|1020.1476|1023.3133|R_Astrodon_2018|2459409.095289352|180.0|21.0247|2.2566|68.7334|1.0751
249|2021-07-13|14:20:30|3C345-20210713_142029-R_Astrodon_2018_calib.fits|3C345|16 42 58.80|+39 48 37.0|250.7450|39.8103|1019.9268|1022.5471|R_Astrodon_2018|2459409.097569444|180.0|21.0182|2.1671|68.283|1.0786
250|2021-07-13|14:40:54|3C371-20210713_144049-R_Astrodon_2018_calib.fits|3C371|18 06 50.70|+69 49 28.0|271.7112|69.8244|1052.3614|1022.4742|R_Astrodon_2018|2459409.1117361113|180.0|21.3327|3.1440|43.6396|1.4477
251|2021-07-13|14:44:11|3C371-20210713_144411-R_Astrodon_2018_calib.fits|3C371|18 06 50.70|+69 49 28.0|271.7112|69.8244|1050.4536|1022.0027|R_Astrodon_2018|2459409.1140162037|180.0|21.2215|2.6432|43.6302|1.4481
252|2021-07-13|15:04:22|3C454-3-20210713_150422-R_Astrodon_2018_calib.fits|3C454-3|22 53 57.70|+16 08 54.0|343.4904|16.1483|1020.5939|1023.8404|R_Astrodon_2018|2459409.1280324073|180.0|20.4561|4.6305|29.0654|2.0209
253|2021-07-13|15:07:38|3C454-3-20210713_150738-R_Astrodon_2018_calib.fits|3C454-3|22 53 57.70|+16 08 54.0|343.4904|16.1483|1020.9718|1023.4570|R_Astrodon_2018|2459409.130300926|180.0|20.5742|3.6503|29.8126|1.9757
254|2021-07-13|13:15:33|4C29-45-20210713_131527-R_Astrodon_2018_calib.fits|4C29-45|11 59 31.80|+29 14 44.0|179.8825|29.2456|1005.2927|1013.1749|R_Astrodon_2018|2459409.0524652777|180.0|20.9639|2.0826|26.6303|2.2589
255|2021-07-13|13:18:50|4C29-45-20210713_131850-R_Astrodon_2018_calib.fits|4C29-45|11 59 31.80|+29 14 44.0|179.8825|29.2456|1006.0564|1013.9765|R_Astrodon_2018|2459409.0547453705|180.0|20.9627|2.1692|25.9318|2.3160
256|2021-07-13|14:02:44|4C38-41-20210713_140239-R_Astrodon_2018_calib.fits|4C38-41|16 35 15.50|+38 08 04.0|248.8146|38.1344|1038.9640|1057.1640|R_Astrodon_2018|2459409.0852314816|180.0|21.2708|2.3842|70.8557|1.0603
257|2021-07-13|14:06:11|4C38-41-20210713_140611-R_Astrodon_2018_calib.fits|4C38-41|16 35 15.50|+38 08 04.0|248.8146|38.1344|1037.6251|1056.5872|R_Astrodon_2018|2459409.087627315|180.0|21.2911|2.3426|70.3739|1.0636
258|2021-07-13|14:24:57|4C51-37-20210713_142452-R_Astrodon_2018_calib.fits|4C51-37|17 40 37.00|+52 11 43.0|265.1542|52.1953|1032.9236|1043.9214|R_Astrodon_2018|2459409.100659722|180.0|21.5644|2.2247|61.1378|1.1420
259|2021-07-13|14:28:15|4C51-37-20210713_142815-R_Astrodon_2018_calib.fits|4C51-37|17 40 37.00|+52 11 43.0|265.1542|52.1953|1032.4064|1043.4566|R_Astrodon_2018|2459409.102951389|180.0|21.5822|2.3364|61.0697|1.1428
260|2021-07-13|12:53:18|4C71-07-20210713_125313-R_Astrodon_2018_calib.fits|4C71-07|08 41 24.30|+70 53 42.0|130.3512|70.8950|967.3972|1087.5814|R_Astrodon_2018|2459409.037013889|180.0|21.0356|2.8504|14.3105|4.0207
261|2021-07-13|12:56:39|4C71-07-20210713_125639-R_Astrodon_2018_calib.fits|4C71-07|08 41 24.30|+70 53 42.0|130.3512|70.8950|968.7797|1087.3720|R_Astrodon_2018|2459409.0393402777|180.0|20.9875|2.8060|14.0766|4.0846
262|2021-07-13|15:12:00|BL-Lacertae-20210713_151155-R_Astrodon_2018_calib.fits|BL-Lacertae|22 02 43.30|+42 16 40.0|330.6804|42.2778|1034.6372|1050.1186|R_Astrodon_2018|2459409.1333333333|180.0|21.4996|3.3335|44.7005|1.4105
263|2021-07-13|15:15:18|BL-Lacertae-20210713_151518-R_Astrodon_2018_calib.fits|BL-Lacertae|22 02 43.30|+42 16 40.0|330.6804|42.2778|1036.6918|1051.3438|R_Astrodon_2018|2459409.135625|180.0|21.5263|3.0461|45.3058|1.3961
264|2021-07-13|14:57:30|CTA102-20210713_145725-R_Astrodon_2018_calib.fits|CTA102|22 32 36.40|+11 43 51.0|338.1517|11.7308|952.5467|1025.6056|R_Astrodon_2018|2459409.123263889|180.0|21.0183|3.0042|30.9158|1.9135
265|2021-07-13|15:00:47|CTA102-20210713_150047-R_Astrodon_2018_calib.fits|CTA102|22 32 36.40|+11 43 51.0|338.1517|11.7308|952.9789|1025.5860|R_Astrodon_2018|2459409.1255439813|180.0|20.9959|3.2786|31.6708|1.8735
266|2021-07-13|13:46:32|DA406-20210713_134626-R_Astrodon_2018_calib.fits|DA406|16 13 41.00|+34 12 48.0|243.4208|34.2133|1037.3048|1070.7980|R_Astrodon_2018|2459409.0739814816|180.0|21.3558|2.2574|72.5514|1.0502
267|2021-07-13|13:49:51|DA406-20210713_134951-R_Astrodon_2018_calib.fits|DA406|16 13 41.00|+34 12 48.0|243.4208|34.2133|1036.6180|1071.0731|R_Astrodon_2018|2459409.0762847224|180.0|21.3847|2.2506|71.975|1.0537
268|2021-07-13|15:19:38|ES2344+514-20210713_151933-R_Astrodon_2018_calib.fits|ES2344+514|23 47 04.00|+51 42 18.0|356.7667|51.7050|1000.4055|1018.1961|R_Astrodon_2018|2459409.1386342593|180.0|21.4235|3.9049|27.8263|2.1129
269|2021-07-13|15:22:57|ES2344+514-20210713_152257-R_Astrodon_2018_calib.fits|ES2344+514|23 47 04.00|+51 42 18.0|356.7667|51.7050|998.7505|1017.3593|R_Astrodon_2018|2459409.1409375|180.0|21.4654|3.6401|28.3409|2.0785
270|2021-07-13|13:54:24|KS1510-08-20210713_135419-R_Astrodon_2018_calib.fits|KS1510-08|15 12 50.50|-09 06 00.0|228.2104|-9.1000|1006.2319|991.5498|R_Astrodon_2018|2459409.0794444443|180.0|21.1653|2.0528|44.203|1.4432
271|2021-07-13|13:57:42|KS1510-08-20210713_135741-R_Astrodon_2018_calib.fits|KS1510-08|15 12 50.50|-09 06 00.0|228.2104|-9.1000|1006.1396|990.6566|R_Astrodon_2018|2459409.081736111|180.0|21.1693|2.1295|43.6312|1.4584
272|2021-07-13|13:08:02|Mkn421-20210713_130757-R_Astrodon_2018_calib.fits|Mkn421|11 04 27.30|+38 12 32.0|166.1137|38.2089|904.1696|1107.5023|R_Astrodon_2018|2459409.04724537|180.0|21.0313|2.6860|19.2136|3.0732
273|2021-07-13|13:11:20|Mkn421-20210713_131119-R_Astrodon_2018_calib.fits|Mkn421|11 04 27.30|+38 12 32.0|166.1137|38.2089|904.7971|1108.6791|R_Astrodon_2018|2459409.049537037|180.0|21.0202|2.7210|18.5871|3.1727
274|2021-07-13|14:10:09|Mkn501-20210713_141009-R_Astrodon_2018_calib.fits|Mkn501|16 53 52.20|+39 45 37.0|253.4675|39.7603|1021.4507|1028.4377|R_Astrodon_2018|2459409.0903819446|180.0|21.4616|2.2322|70.9763|1.0592
275|2021-07-13|14:13:31|Mkn501-20210713_141331-R_Astrodon_2018_calib.fits|Mkn501|16 53 52.20|+39 45 37.0|253.4675|39.7603|1021.0423|1027.7720|R_Astrodon_2018|2459409.0927199074|180.0|21.4757|2.3484|70.5989|1.0617
276|2021-07-13|13:30:59|ON231-20210713_133053-R_Astrodon_2018_calib.fits|ON231|12 21 31.70|+28 13 59.0|185.3821|28.2331|1031.7700|1021.2289|R_Astrodon_2018|2459409.0631828704|180.0|20.9090|2.3839|27.7905|2.1713
277|2021-07-13|13:34:16|ON231-20210713_133416-R_Astrodon_2018_calib.fits|ON231|12 21 31.70|+28 13 59.0|185.3821|28.2331|1032.1958|1021.7574|R_Astrodon_2018|2459409.065462963|180.0|20.9510|2.3811|27.0849|2.2240
278|2021-07-13|14:49:37|PKS2155-304-20210713_144932-R_Astrodon_2018_calib.fits|PKS2155-304|21 58 52.00|-30 13 32.0|329.7167|-30.2256|1125.6293|1117.6771|R_Astrodon_2018|2459409.117789352|180.0|20.6216|4.2243|14.9018|3.7419
279|2021-07-13|14:52:56|PKS2155-304-20210713_145255-R_Astrodon_2018_calib.fits|PKS2155-304|21 58 52.00|-30 13 32.0|329.7167|-30.2256|1125.3428|1116.6831|R_Astrodon_2018|2459409.1200925927|180.0|20.6334|4.3856|15.4564|3.6182
280|2021-07-13|13:00:24|S4_0954+65-20210713_130024-R_Astrodon_2018_calib.fits|S4_0954+65|09 58 47.20|+65 33 55.0|149.6967|65.5653|936.3567|1077.0049|R_Astrodon_2018|2459409.0419444446|180.0|20.2566|2.4146|18.081|3.2256
281|2021-07-13|13:03:41|S4_0954+65-20210713_130341-R_Astrodon_2018_calib.fits|S4_0954+65|09 58 47.20|+65 33 55.0|149.6967|65.5653|936.7691|1078.4590|R_Astrodon_2018|2459409.044224537|180.0|19.9711|2.4452|17.7562|3.2823
282|2021-07-26|14:06:55|3C345-20210726_140655-R_Astrodon_2018_calib.fits|3C345|16 42 58.80|+39 48 37.0|250.7450|39.8103|1020.2913|1024.2024|R_Astrodon_2018|2459422.0881365743|180.0|20.8661|2.0123|62.4233|1.1319
283|2021-07-26|14:10:13|3C345-20210726_141012-R_Astrodon_2018_calib.fits|3C345|16 42 58.80|+39 48 37.0|250.7450|39.8103|1019.6995|1023.7594|R_Astrodon_2018|2459422.0904282406|180.0|20.8455|1.9922|61.8616|1.1379
284|2021-07-26|14:22:26|3C371-20210726_142221-R_Astrodon_2018_calib.fits|3C371|18 06 50.70|+69 49 28.0|271.7112|69.8244|1053.9743|1031.6842|R_Astrodon_2018|2459422.098912037|180.0|21.1075|2.7899|43.3177|1.4577
285|2021-07-26|14:25:45|3C371-20210726_142544-R_Astrodon_2018_calib.fits|3C371|18 06 50.70|+69 49 28.0|271.7112|69.8244|1053.0776|1031.0012|R_Astrodon_2018|2459422.101215278|180.0|21.0567|2.7662|43.2569|1.4594
286|2021-07-26|14:46:18|3C454-3-20210726_144618-R_Astrodon_2018_calib.fits|3C454-3|22 53 57.70|+16 08 54.0|343.4904|16.1483|1018.9855|1024.8826|R_Astrodon_2018|2459422.115486111|180.0|20.4394|2.7631|36.639|1.6536
287|2021-07-26|14:49:35|3C454-3-20210726_144935-R_Astrodon_2018_calib.fits|3C454-3|22 53 57.70|+16 08 54.0|343.4904|16.1483|1019.5453|1024.8374|R_Astrodon_2018|2459422.117766204|180.0|20.4688|2.8763|37.393|1.6256
288|2021-07-26|13:53:10|4C38-41-20210726_135304-R_Astrodon_2018_calib.fits|4C38-41|16 35 15.50|+38 08 04.0|248.8146|38.1344|1041.6651|1056.9513|R_Astrodon_2018|2459422.078587963|180.0|21.0084|2.1034|64.251|1.1136
289|2021-07-26|13:56:27|4C38-41-20210726_135627-R_Astrodon_2018_calib.fits|4C38-41|16 35 15.50|+38 08 04.0|248.8146|38.1344|1040.8538|1057.2512|R_Astrodon_2018|2459422.0808680556|180.0|21.0358|2.2245|63.674|1.1193
290|2021-07-26|14:14:48|4C51-37-20210726_141443-R_Astrodon_2018_calib.fits|4C51-37|17 40 37.00|+52 11 43.0|265.1542|52.1953|1038.1507|1041.4799|R_Astrodon_2018|2459422.093611111|180.0|21.3308|2.2545|59.3636|1.1638
291|2021-07-26|14:18:07|4C51-37-20210726_141806-R_Astrodon_2018_calib.fits|4C51-37|17 40 37.00|+52 11 43.0|265.1542|52.1953|1037.0371|1040.8148|R_Astrodon_2018|2459422.0959143518|180.0|21.3231|2.2634|59.1372|1.1667
292|2021-07-26|14:53:58|BL-Lacertae-20210726_145352-R_Astrodon_2018_calib.fits|BL-Lacertae|22 02 43.30|+42 16 40.0|330.6804|42.2778|1039.5343|1054.8670|R_Astrodon_2018|2459422.120810185|180.0|21.3918|3.0099|50.7077|1.2845
293|2021-07-26|14:57:16|BL-Lacertae-20210726_145715-R_Astrodon_2018_calib.fits|BL-Lacertae|22 02 43.30|+42 16 40.0|330.6804|42.2778|1041.1184|1056.2096|R_Astrodon_2018|2459422.123101852|180.0|21.4040|2.4412|51.2975|1.2741
294|2021-07-26|14:39:25|CTA102-20210726_143920-R_Astrodon_2018_calib.fits|CTA102|22 32 36.40|+11 43 51.0|338.1517|11.7308|960.8176|1037.3470|R_Astrodon_2018|2459422.1107060187|180.0|20.5560|2.9384|38.5062|1.5863
295|2021-07-26|14:42:43|CTA102-20210726_144243-R_Astrodon_2018_calib.fits|CTA102|22 32 36.40|+11 43 51.0|338.1517|11.7308|961.8904|1038.4881|R_Astrodon_2018|2459422.112997685|180.0|20.6231|2.8207|39.2634|1.5611
296|2021-07-26|13:37:24|DA406-20210726_133719-R_Astrodon_2018_calib.fits|DA406|16 13 41.00|+34 12 48.0|243.4208|34.2133|1016.2613|1052.4743|R_Astrodon_2018|2459422.067638889|180.0|21.2227|2.1956|64.7021|1.1098
297|2021-07-26|13:40:42|DA406-20210726_134042-R_Astrodon_2018_calib.fits|DA406|16 13 41.00|+34 12 48.0|243.4208|34.2133|1015.5730|1052.4505|R_Astrodon_2018|2459422.0699305558|180.0|21.1663|2.1412|64.0504|1.1160
298|2021-07-26|15:01:40|ES2344+514-20210726_150134-R_Astrodon_2018_calib.fits|ES2344+514|23 47 04.00|+51 42 18.0|356.7667|51.7050|996.2597|1012.7259|R_Astrodon_2018|2459422.126157407|180.0|21.3576|3.0598|32.973|1.8185
299|2021-07-26|15:04:59|ES2344+514-20210726_150459-R_Astrodon_2018_calib.fits|ES2344+514|23 47 04.00|+51 42 18.0|356.7667|51.7050|997.0821|1012.7404|R_Astrodon_2018|2459422.128460648|180.0|21.3495|2.9853|33.4873|1.7943
300|2021-07-26|13:45:14|KS1510-08-20210726_134509-R_Astrodon_2018_calib.fits|KS1510-08|15 12 50.50|-09 06 00.0|228.2104|-9.1000|1005.8325|998.9708|R_Astrodon_2018|2459422.0730787036|180.0|20.8685|2.5373|36.482|1.6963
301|2021-07-26|13:48:34|KS1510-08-20210726_134833-R_Astrodon_2018_calib.fits|KS1510-08|15 12 50.50|-09 06 00.0|228.2104|-9.1000|1005.9855|998.2879|R_Astrodon_2018|2459422.0753935184|180.0|20.8929|2.5729|35.8324|1.7231
302|2021-07-26|14:00:03|Mkn501-20210726_140003-R_Astrodon_2018_calib.fits|Mkn501|16 53 52.20|+39 45 37.0|253.4675|39.7603|1024.0245|1027.9271|R_Astrodon_2018|2459422.0833680555|180.0|21.2832|2.0937|65.3585|1.1032
303|2021-07-26|14:03:20|Mkn501-20210726_140320-R_Astrodon_2018_calib.fits|Mkn501|16 53 52.20|+39 45 37.0|253.4675|39.7603|1023.2967|1027.4754|R_Astrodon_2018|2459422.0856481483|180.0|21.3262|2.1019|64.8351|1.1080
304|2021-07-26|13:29:24|ON231-20210726_132919-R_Astrodon_2018_calib.fits|ON231|12 21 31.70|+28 13 59.0|185.3821|28.2331|980.3905|943.4589|R_Astrodon_2018|2459422.0620833333|180.0|20.2938|3.7545|17.2516|3.4318
305|2021-07-26|13:32:42|ON231-20210726_133241-R_Astrodon_2018_calib.fits|ON231|12 21 31.70|+28 13 59.0|185.3821|28.2331|980.8815|945.8342|R_Astrodon_2018|2459422.064375|180.0|20.2098|3.8063|16.5585|3.5714
306|2021-07-26|14:31:37|PKS2155-304-20210726_143132-R_Astrodon_2018_calib.fits|PKS2155-304|21 58 52.00|-30 13 32.0|329.7167|-30.2256|1026.7975|1023.0386|R_Astrodon_2018|2459422.1052893517|180.0|19.1319|4.5936|20.2302|2.8253
307|2021-07-26|14:34:55|PKS2155-304-20210726_143455-R_Astrodon_2018_calib.fits|PKS2155-304|21 58 52.00|-30 13 32.0|329.7167|-30.2256|1026.1994|1022.1616|R_Astrodon_2018|2459422.1075810185|180.0|19.1618|4.9292|20.7338|2.7623
308|2021-07-26|13:17:07|S4_0954+65-20210726_131701-R_Astrodon_2018_calib.fits|S4_0954+65|09 58 47.20|+65 33 55.0|149.6967|65.5653|893.4088|1073.4270|R_Astrodon_2018|2459422.053553241|180.0|19.9037|4.2367|11.697|4.8963
309|2021-07-26|13:20:27|S4_0954+65-20210726_132026-R_Astrodon_2018_calib.fits|S4_0954+65|09 58 47.20|+65 33 55.0|149.6967|65.5653|895.7367|1074.6526|R_Astrodon_2018|2459422.0558680557|180.0|19.9353|4.1224|11.4045|5.0160
310|2021-07-26|19:43:36|S5_0716+71-20210726_194331-R_Astrodon_2018_calib.fits|S5_0716+71|07 21 53.40|+71 20 36.0|110.4725|71.3433|1015.3634|1030.8526|R_Astrodon_2018|2459422.3219444444|180.0|20.6623|4.4874|16.3736|3.5028
311|2021-07-26|19:46:54|S5_0716+71-20210726_194654-R_Astrodon_2018_calib.fits|S5_0716+71|07 21 53.40|+71 20 36.0|110.4725|71.3433|1013.4439|1029.6900|R_Astrodon_2018|2459422.3242361112|180.0|20.4144|4.5055|16.6136|3.4547
312|2021-07-28|14:08:23|3C345-20210728_140822-R_Astrodon_2018_calib.fits|3C345|16 42 58.80|+39 48 37.0|250.7450|39.8103|1022.0035|1023.3977|R_Astrodon_2018|2459424.0891550924|180.0|20.8793|2.4931|60.8212|1.1495
313|2021-07-28|14:11:40|3C345-20210728_141140-R_Astrodon_2018_calib.fits|3C345|16 42 58.80|+39 48 37.0|250.7450|39.8103|1021.7790|1023.0483|R_Astrodon_2018|2459424.091435185|180.0|20.8639|2.3815|60.2478|1.1562
314|2021-07-28|14:23:48|3C371-20210728_142343-R_Astrodon_2018_calib.fits|3C371|18 06 50.70|+69 49 28.0|271.7112|69.8244|1057.9115|1030.3114|R_Astrodon_2018|2459424.099861111|180.0|21.2730|2.9244|43.1358|1.4629
315|2021-07-28|14:27:06|3C371-20210728_142706-R_Astrodon_2018_calib.fits|3C371|18 06 50.70|+69 49 28.0|271.7112|69.8244|1057.1027|1029.5902|R_Astrodon_2018|2459424.102152778|180.0|21.3006|2.8352|43.0613|1.4651
316|2021-07-28|13:54:38|4C38-41-20210728_135433-R_Astrodon_2018_calib.fits|4C38-41|16 35 15.50|+38 08 04.0|248.8146|38.1344|1039.7877|1053.0274|R_Astrodon_2018|2459424.0796064814|180.0|21.1918|2.1896|62.5973|1.1302
317|2021-07-28|13:57:57|4C38-41-20210728_135757-R_Astrodon_2018_calib.fits|4C38-41|16 35 15.50|+38 08 04.0|248.8146|38.1344|1039.2347|1052.7509|R_Astrodon_2018|2459424.081909722|180.0|21.1668|2.3650|61.9997|1.1365
318|2021-07-28|14:16:13|4C51-37-20210728_141608-R_Astrodon_2018_calib.fits|4C51-37|17 40 37.00|+52 11 43.0|265.1542|52.1953|1041.3234|1039.6555|R_Astrodon_2018|2459424.0945949075|180.0|21.4410|2.5564|58.7022|1.1723
319|2021-07-28|14:19:31|4C51-37-20210728_141930-R_Astrodon_2018_calib.fits|4C51-37|17 40 37.00|+52 11 43.0|265.1542|52.1953|1040.3932|1039.5222|R_Astrodon_2018|2459424.0968865743|180.0|21.4456|2.4617|58.4465|1.1756
320|2021-07-28|14:32:18|CTA102-20210728_143213-R_Astrodon_2018_calib.fits|CTA102|22 32 36.40|+11 43 51.0|338.1517|11.7308|1060.3174|1113.2777|R_Astrodon_2018|2459424.105763889|180.0|20.8426|3.6474|38.6776|1.5797
321|2021-07-28|14:35:37|CTA102-20210728_143536-R_Astrodon_2018_calib.fits|CTA102|22 32 36.40|+11 43 51.0|338.1517|11.7308|1060.8800|1113.9499|R_Astrodon_2018|2459424.1080671297|180.0|20.8793|3.1322|39.4386|1.5549
322|2021-07-28|13:42:09|DA406-20210728_134204-R_Astrodon_2018_calib.fits|DA406|16 13 41.00|+34 12 48.0|243.4208|34.2133|1009.1107|1027.9518|R_Astrodon_2018|2459424.0709375|180.0|21.3729|2.7579|62.1951|1.1350
323|2021-07-28|13:46:43|KS1510-08-20210728_134638-R_Astrodon_2018_calib.fits|KS1510-08|15 12 50.50|-09 06 00.0|228.2104|-9.1000|1011.0857|1003.5663|R_Astrodon_2018|2459424.074108796|180.0|20.9712|3.0051|34.6495|1.7751
324|2021-07-28|13:50:02|KS1510-08-20210728_135002-R_Astrodon_2018_calib.fits|KS1510-08|15 12 50.50|-09 06 00.0|228.2104|-9.1000|1010.9853|1003.6344|R_Astrodon_2018|2459424.076412037|180.0|20.9622|3.0220|33.9913|1.8055
325|2021-07-28|14:01:32|Mkn501-20210728_140131-R_Astrodon_2018_calib.fits|Mkn501|16 53 52.20|+39 45 37.0|253.4675|39.7603|1025.1908|1027.2536|R_Astrodon_2018|2459424.084398148|180.0|21.3846|2.4770|63.8485|1.1174
326|2021-07-28|14:04:50|Mkn501-20210728_140449-R_Astrodon_2018_calib.fits|Mkn501|16 53 52.20|+39 45 37.0|253.4675|39.7603|1024.6614|1026.7932|R_Astrodon_2018|2459424.086689815|180.0|21.3625|2.4995|63.3016|1.1228
327|2021-07-28|13:34:13|ON231-20210728_133408-R_Astrodon_2018_calib.fits|ON231|12 21 31.70|+28 13 59.0|185.3821|28.2331|1048.0263|1039.9550|R_Astrodon_2018|2459424.0654282407|180.0|20.2790|5.0042|14.5954|4.0397
